{
  "camera_angle_x": 0.6216340095553339,
  "camera_angle_y": 1.036851526630757,
  "fl_x": 1681.045947167562,
  "fl_y": 1682.8129151185526,
  "k1": 0.09931196497168554,
  "k2": -0.1542447604333395,
  "p1": 0.0008725464928974998,
  "p2": -0.00022370407308285476,
  "cx": 543.6756871822693,
  "cy": 955.935238801868,
  "w": 1080.0,
  "h": 1920.0,
  "aabb_scale": 16,
  "frames": [
    {
      "file_path": "images/0001.jpg",
      "sharpness": 75.02947809525268,
      "transform_matrix": [
        [
          -0.37310792813082666,
          0.590017609076469,
          -0.7160095634876852,
          -2.894712865243394
        ],
        [
          -0.9042615536572154,
          -0.4039478087572908,
          0.13833730655228707,
          0.6902438576999319
        ],
        [
          -0.2076090473620558,
          0.6990746661437223,
          0.6842463698670239,
          2.581964881356146
        ],
        [
          0.0,
          0.0,
          0.0,
          1.0
        ]
      ]
    },
    {
      "file_path": "images/0002.jpg",
      "sharpness": 84.60220381232133,
      "transform_matrix": [
        [
          -0.370416611597913,
          0.5915465096371801,
          -0.7161454187863012,
          -2.895145995221353
        ],
        [
          -0.9053488482796587,
          -0.4023159812699948,
          0.13596070807397145,
          0.6634505583634162
        ],
        [
          -0.20768966458206475,
          0.698723534894146,
          0.6845804737775946,
          2.5826730045560193
        ],
        [
          0.0,
          0.0,
          0.0,
          1.0
        ]
      ]
    },
    {
      "file_path": "images/0003.jpg",
      "sharpness": 88.05222723994248,
      "transform_matrix": [
        [
          -0.3614789082932198,
          0.595115887433619,
          -0.7177534949015953,
          -2.8879148643124566
        ],
        [
          -0.909143990356006,
          -0.3957628810241816,
          0.12972643065126327,
          0.635285776485703
        ],
        [
          -0.20685793110680828,
          0.6994346449754012,
          0.6841059668012572,
          2.5793390158805685
        ],
        [
          0.0,
          0.0,
          0.0,
          1.0
        ]
      ]
    },
    {
      "file_path": "images/0004.jpg",
      "sharpness": 80.58864091966468,
      "transform_matrix": [
        [
          -0.34107199322825316,
          0.6024274142559368,
          -0.7216308655042616,
          -2.876959492209276
        ],
        [
          -0.9174658151563445,
          -0.38054183433379596,
          0.11594994759763268,
          0.5507748674873879
        ],
        [
          -0.2047593061565232,
          0.701618930003682,
          0.6824987206358155,
          2.5823671081052595
        ],
        [
          0.0,
          0.0,
          0.0,
          1.0
        ]
      ]
    },
    {
      "file_path": "images/0005.jpg",
      "sharpness": 65.9368957101558,
      "transform_matrix": [
        [
          -0.3055330737418913,
          0.6155063068525786,
          -0.726499502501377,
          -2.836704837094807
        ],
        [
          -0.9304296377444188,
          -0.3551426581710956,
          0.09041228655706901,
          0.3678041410805713
        ],
        [
          -0.20236163188547895,
          0.7035806127496711,
          0.6811931380821307,
          2.5503480939118055
        ],
        [
          0.0,
          0.0,
          0.0,
          1.0
        ]
      ]
    },
    {
      "file_path": "images/0006.jpg",
      "sharpness": 68.14531633017215,
      "transform_matrix": [
        [
          -0.25146707299666554,
          0.6335363043761661,
          -0.7317076344388496,
          -2.765838695544898
        ],
        [
          -0.9467617176945141,
          -0.31802588410061855,
          0.05001786637465959,
          0.11830519946575502
        ],
        [
          -0.20101383312980464,
          0.7053306232862887,
          0.6797809579649728,
          2.5654761552238776
        ],
        [
          0.0,
          0.0,
          0.0,
          1.0
        ]
      ]
    },
    {
      "file_path": "images/0007.jpg",
      "sharpness": 61.93015684995486,
      "transform_matrix": [
        [
          -0.17533517911047425,
          0.6540942259012902,
          -0.7358113336101224,
          -2.668223072086783
        ],
        [
          -0.9633853318546977,
          -0.2679809139723435,
          -0.00865633411332238,
          -0.11496530317133981
        ],
        [
          -0.2028454518530462,
          0.7073520859202364,
          0.6771312644336854,
          2.600803761333042
        ],
        [
          0.0,
          0.0,
          0.0,
          1.0
        ]
      ]
    },
    {
      "file_path": "images/0008.jpg",
      "sharpness": 68.3363888321339,
      "transform_matrix": [
        [
          -0.08823052509015095,
          0.6746841472058028,
          -0.7328142165731446,
          -2.6379486824930107
        ],
        [
          -0.9739314800632385,
          -0.21277619609991477,
          -0.07863690305193713,
          -0.4238199905142902
        ],
        [
          -0.20898049332487445,
          0.70677265931073,
          0.6758694855719322,
          2.472953469529267
        ],
        [
          0.0,
          0.0,
          0.0,
          1.0
        ]
      ]
    },
    {
      "file_path": "images/0009.jpg",
      "sharpness": 55.84331235459471,
      "transform_matrix": [
        [
          0.03908878943999733,
          0.6833198459805903,
          -0.7290720504102426,
          -2.550355373260425
        ],
        [
          -0.976237916108924,
          -0.1295218857856155,
          -0.17373431514920656,
          -0.6117394128315011
        ],
        [
          -0.2131468923120192,
          0.718538843249125,
          0.6620198887546168,
          2.531704673493657
        ],
        [
          0.0,
          0.0,
          0.0,
          1.0
        ]
      ]
    },
    {
      "file_path": "images/0010.jpg",
      "sharpness": 67.31425443594607,
      "transform_matrix": [
        [
          0.13613303597402268,
          0.6776212844369721,
          -0.7227013155202502,
          -2.5276333506111652
        ],
        [
          -0.9679767392557055,
          -0.06433452860322195,
          -0.24265634278916431,
          -0.884288605052352
        ],
        [
          -0.21092375113249534,
          0.7325916074953434,
          0.6471635866628493,
          2.5493928321744885
        ],
        [
          0.0,
          0.0,
          0.0,
          1.0
        ]
      ]
    },
    {
      "file_path": "images/0011.jpg",
      "sharpness": 34.92817901078188,
      "transform_matrix": [
        [
          0.21073169972681371,
          0.6689386113640894,
          -0.7128206541737896,
          -2.4584443976662773
        ],
        [
          -0.9583975167806226,
          -0.002233865680239964,
          -0.2854281164836065,
          -1.0533282283666423
        ],
        [
          -0.19252623348033637,
          0.743314297006512,
          0.6406383576982629,
          2.5529254334325464
        ],
        [
          0.0,
          0.0,
          0.0,
          1.0
        ]
      ]
    },
    {
      "file_path": "images/0012.jpg",
      "sharpness": 40.799914042372635,
      "transform_matrix": [
        [
          0.2936128636457754,
          0.6538807740966485,
          -0.6973029611501106,
          -2.2779885956738584
        ],
        [
          -0.9395304534868613,
          0.06287983875184606,
          -0.3366432129953532,
          -1.178412031640945
        ],
        [
          -0.17627822694948075,
          0.7539801451015749,
          0.632803229734878,
          2.2950789650351964
        ],
        [
          0.0,
          0.0,
          0.0,
          1.0
        ]
      ]
    },
    {
      "file_path": "images/0013.jpg",
      "sharpness": 21.657499999985106,
      "transform_matrix": [
        [
          0.3909528130638565,
          0.626375962123855,
          -0.6743953233016147,
          -1.9883615092252753
        ],
        [
          -0.9035497918082499,
          0.12158037672868528,
          -0.4108722255449963,
          -1.3612056823617136
        ],
        [
          -0.1753672481146427,
          0.7699814063522553,
          0.613494060466145,
          2.132758396796461
        ],
        [
          0.0,
          0.0,
          0.0,
          1.0
        ]
      ]
    },
    {
      "file_path": "images/0014.jpg",
      "sharpness": 28.647259639401938,
      "transform_matrix": [
        [
          0.47886990324884043,
          0.5968991792231954,
          -0.6437351828705176,
          -2.0391222130576727
        ],
        [
          -0.8584506971661771,
          0.164947443080284,
          -0.48564878416680984,
          -1.5334376985976794
        ],
        [
          -0.18370088822460062,
          0.7851775028124699,
          0.5913968826510704,
          2.1340300994944497
        ],
        [
          0.0,
          0.0,
          0.0,
          1.0
        ]
      ]
    },
    {
      "file_path": "images/0015.jpg",
      "sharpness": 33.01385209760743,
      "transform_matrix": [
        [
          0.561728324202288,
          0.570239799171097,
          -0.5994062573000164,
          -1.964740233635243
        ],
        [
          -0.807169477734,
          0.2188085613529144,
          -0.5482702323670415,
          -1.9200126423159252
        ],
        [
          -0.18149028637072112,
          0.7918013544928831,
          0.5831911273699613,
          2.2487176246648635
        ],
        [
          0.0,
          0.0,
          0.0,
          1.0
        ]
      ]
    },
    {
      "file_path": "images/0016.jpg",
      "sharpness": 28.206287580003423,
      "transform_matrix": [
        [
          0.6817501929376478,
          0.49716866950788097,
          -0.536693570437974,
          -1.9336545091490247
        ],
        [
          -0.7125176846103206,
          0.2848316521815555,
          -0.6412405781292952,
          -2.4685713268687772
        ],
        [
          -0.16593740867993984,
          0.8195695480128075,
          0.5484255030880738,
          2.3463007382173546
        ],
        [
          0.0,
          0.0,
          0.0,
          1.0
        ]
      ]
    },
    {
      "file_path": "images/0017.jpg",
      "sharpness": 16.150438953306278,
      "transform_matrix": [
        [
          0.7665359421571767,
          0.43072660941080754,
          -0.4763373147118507,
          -1.9603854834686716
        ],
        [
          -0.6238077044852793,
          0.32314463061206894,
          -0.7116470301616635,
          -2.9922390218266313
        ],
        [
          -0.15259946678949823,
          0.8426459135994093,
          0.5163925513565383,
          2.3420249554211385
        ],
        [
          0.0,
          0.0,
          0.0,
          1.0
        ]
      ]
    },
    {
      "file_path": "images/0018.jpg",
      "sharpness": 22.452829239891884,
      "transform_matrix": [
        [
          0.823172564395509,
          0.3769702320300762,
          -0.42459436342223106,
          -1.7829511152228605
        ],
        [
          -0.5519026957212931,
          0.35556403136610665,
          -0.7543060612647706,
          -3.1665482287175553
        ],
        [
          -0.13338044738293928,
          0.855258828551193,
          0.5007414427705236,
          2.281111355829774
        ],
        [
          0.0,
          0.0,
          0.0,
          1.0
        ]
      ]
    },
    {
      "file_path": "images/0019.jpg",
      "sharpness": 29.950813043691994,
      "transform_matrix": [
        [
          0.8778936110481708,
          0.3168910592837282,
          -0.35900259649068994,
          -1.4072700739720811
        ],
        [
          -0.46599242976301597,
          0.392753337328199,
          -0.7928403820616369,
          -3.120869511807354
        ],
        [
          -0.1102445606332206,
          0.8633219982228302,
          0.4924644802440733,
          2.0955659835623024
        ],
        [
          0.0,
          0.0,
          0.0,
          1.0
        ]
      ]
    },
    {
      "file_path": "images/0020.jpg",
      "sharpness": 17.506118777089522,
      "transform_matrix": [
        [
          0.9248455719587396,
          0.2561966266796788,
          -0.2811120000399886,
          -0.9817922370002979
        ],
        [
          -0.36931627554526514,
          0.42823249178583794,
          -0.8247559770033713,
          -3.200184257969515
        ],
        [
          -0.09091840689414153,
          0.8665911501439211,
          0.49066650776958926,
          2.0444586100246718
        ],
        [
          0.0,
          0.0,
          0.0,
          1.0
        ]
      ]
    },
    {
      "file_path": "images/0021.jpg",
      "sharpness": 19.80541711725308,
      "transform_matrix": [
        [
          0.956473409632044,
          0.206725340382721,
          -0.2059690519731487,
          -0.8675984408815921
        ],
        [
          -0.28069544789371476,
          0.45872036046282727,
          -0.8430810734651327,
          -3.1995429313670436
        ],
        [
          -0.07980402411699988,
          0.8641992042292861,
          0.49678068924922936,
          1.954361047580324
        ],
        [
          0.0,
          0.0,
          0.0,
          1.0
        ]
      ]
    },
    {
      "file_path": "images/0022.jpg",
      "sharpness": 27.419181525665458,
      "transform_matrix": [
        [
          0.9751068407337722,
          0.16902582226876894,
          -0.1435162730173344,
          -0.769077865201926
        ],
        [
          -0.20888392453652926,
          0.48308012720919136,
          -0.8502947117160551,
          -3.2075724184425916
        ],
        [
          -0.07439190339278916,
          0.8591064323767927,
          0.5063615137677374,
          1.9544813003828319
        ],
        [
          0.0,
          0.0,
          0.0,
          1.0
        ]
      ]
    },
    {
      "file_path": "images/0023.jpg",
      "sharpness": 23.030814499050425,
      "transform_matrix": [
        [
          0.9886279968409908,
          0.12512441320122739,
          -0.08341801450187744,
          -0.5551751444376473
        ],
        [
          -0.13518670994591514,
          0.4964833040406057,
          -0.8574548864339407,
          -3.3783168017947136
        ],
        [
          -0.06587288805517251,
          0.8589809136874359,
          0.5077524520932478,
          1.9123303262191216
        ],
        [
          0.0,
          0.0,
          0.0,
          1.0
        ]
      ]
    },
    {
      "file_path": "images/0024.jpg",
      "sharpness": 23.859244790251722,
      "transform_matrix": [
        [
          0.9965260285404087,
          0.07897057439155945,
          -0.026448494890350647,
          -0.3082520398893491
        ],
        [
          -0.06245207592526069,
          0.4984989841263671,
          -0.8646377860376708,
          -3.482584581119685
        ],
        [
          -0.05509639476952997,
          0.8632858224570931,
          0.5016990891906401,
          1.9051428262579897
        ],
        [
          0.0,
          0.0,
          0.0,
          1.0
        ]
      ]
    },
    {
      "file_path": "images/0025.jpg",
      "sharpness": 21.68118922585486,
      "transform_matrix": [
        [
          0.9991235465729983,
          0.03221925210203755,
          0.02672187376656581,
          0.0819505501984129
        ],
        [
          0.007633260120095973,
          0.48743922700089876,
          -0.8731235498640642,
          -3.6397854758558434
        ],
        [
          -0.04115667726208685,
          0.8725622727499468,
          0.48676607128776905,
          1.9047513286024438
        ],
        [
          0.0,
          0.0,
          0.0,
          1.0
        ]
      ]
    },
    {
      "file_path": "images/0026.jpg",
      "sharpness": 30.05839650703621,
      "transform_matrix": [
        [
          0.9971735125832627,
          -0.011566228592028627,
          0.0742375122073202,
          0.33471769027739146
        ],
        [
          0.07099694027358122,
          0.4683753451049463,
          -0.8806724536262798,
          -3.754462164685288
        ],
        [
          -0.02458496148649191,
          0.8834538802380805,
          0.4678726549262358,
          1.8129480754447742
        ],
        [
          0.0,
          0.0,
          0.0,
          1.0
        ]
      ]
    },
    {
      "file_path": "images/0027.jpg",
      "sharpness": 30.657830196119793,
      "transform_matrix": [
        [
          0.991288091709573,
          -0.05373956299923631,
          0.1202496514076515,
          0.5089501361360522
        ],
        [
          0.1315749118198177,
          0.44560352511482304,
          -0.8855086340580596,
          -3.703277945128254
        ],
        [
          -0.00599682153474732,
          0.8936160013280902,
          0.44879224633299175,
          1.7964271974049355
        ],
        [
          0.0,
          0.0,
          0.0,
          1.0
        ]
      ]
    },
    {
      "file_path": "images/0028.jpg",
      "sharpness": 41.04855082719593,
      "transform_matrix": [
        [
          0.9807123211778466,
          -0.09887596738947294,
          0.16860274678359521,
          0.7139237765152296
        ],
        [
          0.19475715316450376,
          0.42141957827648036,
          -0.8857060405930691,
          -3.496298102888527
        ],
        [
          0.016522543140540545,
          0.901459417930558,
          0.43254817472647655,
          1.591867687389528
        ],
        [
          0.0,
          0.0,
          0.0,
          1.0
        ]
      ]
    },
    {
      "file_path": "images/0029.jpg",
      "sharpness": 39.049216811309115,
      "transform_matrix": [
        [
          0.9656601909485457,
          -0.14446218669313626,
          0.21594228926560913,
          0.8895477460474304
        ],
        [
          0.2565502936066141,
          0.3989895445221489,
          -0.8803347603150111,
          -3.319272437524709
        ],
        [
          0.04101636885992892,
          0.9055042904576127,
          0.42235013616090955,
          1.4837397585485947
        ],
        [
          0.0,
          0.0,
          0.0,
          1.0
        ]
      ]
    },
    {
      "file_path": "images/0030.jpg",
      "sharpness": 43.48268873134449,
      "transform_matrix": [
        [
          0.9465424519955165,
          -0.18730750399578253,
          0.2626276557741069,
          0.9623956835609936
        ],
        [
          0.31645415125307985,
          0.3812775885748458,
          -0.8686104826743478,
          -3.2661575482822727
        ],
        [
          0.0625632221676878,
          0.9052863080031673,
          0.42016966078089035,
          1.3744830903889298
        ],
        [
          0.0,
          0.0,
          0.0,
          1.0
        ]
      ]
    },
    {
      "file_path": "images/0031.jpg",
      "sharpness": 55.64328220840268,
      "transform_matrix": [
        [
          0.9248998790048171,
          -0.2243893573690353,
          0.3069358730689577,
          1.0817822027108015
        ],
        [
          0.37182627912902944,
          0.3652124273555056,
          -0.8534430860114108,
          -3.101361547052995
        ],
        [
          0.07940675037515146,
          0.9034762306039025,
          0.42121878969884513,
          1.3050637854299971
        ],
        [
          0.0,
          0.0,
          0.0,
          1.0
        ]
      ]
    },
    {
      "file_path": "images/0032.jpg",
      "sharpness": 34.32074362815573,
      "transform_matrix": [
        [
          0.899578649912811,
          -0.2562179625464622,
          0.35370977983341273,
          1.1860834243773126
        ],
        [
          0.42709892056009635,
          0.3466690838196887,
          -0.8351090098822658,
          -2.9411668715920896
        ],
        [
          0.09134968370331445,
          0.9023153007983129,
          0.42128652162072794,
          1.2486685125824604
        ],
        [
          0.0,
          0.0,
          0.0,
          1.0
        ]
      ]
    },
    {
      "file_path": "images/0033.jpg",
      "sharpness": 34.76969503430771,
      "transform_matrix": [
        [
          0.866848961313386,
          -0.2865982899879335,
          0.40796359948666217,
          1.511966345207657
        ],
        [
          0.4882588347391294,
          0.3224309394480837,
          -0.8109510463599721,
          -2.964048711677788
        ],
        [
          0.10087709650758722,
          0.902163903914484,
          0.419433072063606,
          1.3984429888582217
        ],
        [
          0.0,
          0.0,
          0.0,
          1.0
        ]
      ]
    },
    {
      "file_path": "images/0034.jpg",
      "sharpness": 56.65078366104193,
      "transform_matrix": [
        [
          0.8242464198561665,
          -0.3167281776602501,
          0.46936244086049994,
          1.8412330001604942
        ],
        [
          0.5551865591713592,
          0.28913630235852167,
          -0.7798513212019512,
          -3.0027819441859105
        ],
        [
          0.1112911671938571,
          0.9033733780664213,
          0.4141627892172707,
          1.40463673264618
        ],
        [
          0.0,
          0.0,
          0.0,
          1.0
        ]
      ]
    },
    {
      "file_path": "images/0035.jpg",
      "sharpness": 67.18478627562767,
      "transform_matrix": [
        [
          0.7740097378486748,
          -0.34638017763474493,
          0.5300280165400367,
          2.220083022122602
        ],
        [
          0.6207888266495746,
          0.2503869803863773,
          -0.7429182948121256,
          -2.9322136500492046
        ],
        [
          0.12462005634348525,
          0.9040614650898087,
          0.4088309050981257,
          1.4155804584835772
        ],
        [
          0.0,
          0.0,
          0.0,
          1.0
        ]
      ]
    },
    {
      "file_path": "images/0036.jpg",
      "sharpness": 77.6194462006485,
      "transform_matrix": [
        [
          0.7216850040467435,
          -0.37345887697522184,
          0.5828372175853866,
          2.50753448965776
        ],
        [
          0.678033322942573,
          0.2117753680728702,
          -0.7038622070146776,
          -2.868625468200968
        ],
        [
          0.1394330230962899,
          0.9031498550917605,
          0.40605267070258116,
          1.4758961264289876
        ],
        [
          0.0,
          0.0,
          0.0,
          1.0
        ]
      ]
    },
    {
      "file_path": "images/0037.jpg",
      "sharpness": 66.8444511105803,
      "transform_matrix": [
        [
          0.6638183886391447,
          -0.4003903165764718,
          0.6316903840937741,
          2.6831618634979004
        ],
        [
          0.731411220313237,
          0.17120170069603302,
          -0.6600966629859656,
          -2.8020943460752066
        ],
        [
          0.156149843793839,
          0.9002097378595848,
          0.4064968071371224,
          1.5119434894525363
        ],
        [
          0.0,
          0.0,
          0.0,
          1.0
        ]
      ]
    },
    {
      "file_path": "images/0038.jpg",
      "sharpness": 40.49922228089541,
      "transform_matrix": [
        [
          0.610829456835114,
          -0.42399526656295067,
          0.6686668742019072,
          2.731316629254317
        ],
        [
          0.7738608911016807,
          0.1411395580542812,
          -0.6174293047645816,
          -2.6810670021322003
        ],
        [
          0.16741175554704132,
          0.894599149983495,
          0.41432555438954427,
          1.5526340327546928
        ],
        [
          0.0,
          0.0,
          0.0,
          1.0
        ]
      ]
    },
    {
      "file_path": "images/0039.jpg",
      "sharpness": 48.225641964434715,
      "transform_matrix": [
        [
          0.5723180127426293,
          -0.4417075360232089,
          0.6909027029697097,
          2.836377183804143
        ],
        [
          0.8016662880478487,
          0.12405968067015234,
          -0.5847566658415477,
          -2.332503027168177
        ],
        [
          0.1725782573374496,
          0.8885401782243929,
          0.42510363070911406,
          1.6916189725065118
        ],
        [
          0.0,
          0.0,
          0.0,
          1.0
        ]
      ]
    },
    {
      "file_path": "images/0040.jpg",
      "sharpness": 76.98465819088638,
      "transform_matrix": [
        [
          0.49651196922747276,
          -0.47832478958492475,
          0.7243488525169428,
          2.7458684260626636
        ],
        [
          0.8479197383221665,
          0.08868027318184481,
          -0.522654691472852,
          -2.124558251355539
        ],
        [
          0.18576324120416757,
          0.8736939995692908,
          0.44961184748700267,
          1.7138872822499907
        ],
        [
          0.0,
          0.0,
          0.0,
          1.0
        ]
      ]
    },
    {
      "file_path": "images/0041.jpg",
      "sharpness": 79.57237023154376,
      "transform_matrix": [
        [
          0.40286094814955886,
          -0.4997040485772138,
          0.7668108765215825,
          2.6734394641544563
        ],
        [
          0.8963483818847783,
          0.0459673899072117,
          -0.4409609703411154,
          -1.886670762446768
        ],
        [
          0.18510168759783377,
          0.8649756429903401,
          0.46642738164543807,
          1.7213149209028467
        ],
        [
          0.0,
          0.0,
          0.0,
          1.0
        ]
      ]
    },
    {
      "file_path": "images/0042.jpg",
      "sharpness": 15.438662877169543,
      "transform_matrix": [
        [
          0.30002174502110784,
          -0.499659997182076,
          0.8126049715518079,
          2.6765733496491935
        ],
        [
          0.9365634713879228,
          -0.007527781994420063,
          -0.3504171750450711,
          -1.6377670855064648
        ],
        [
          0.18120655776899525,
          0.8661889053660347,
          0.4657048031844205,
          1.742653898985345
        ],
        [
          0.0,
          0.0,
          0.0,
          1.0
        ]
      ]
    },
    {
      "file_path": "images/0043.jpg",
      "sharpness": 51.5608828478762,
      "transform_matrix": [
        [
          0.2018270937769188,
          -0.4994654461786309,
          0.8424963456011909,
          2.6820477259985243
        ],
        [
          0.9582712931829872,
          -0.07709624088865098,
          -0.27526768482472586,
          -1.427125213982309
        ],
        [
          0.20243999822781808,
          0.8628965394400693,
          0.4630632887701327,
          1.8931394893808062
        ],
        [
          0.0,
          0.0,
          0.0,
          1.0
        ]
      ]
    },
    {
      "file_path": "images/0044.jpg",
      "sharpness": 58.26908418788112,
      "transform_matrix": [
        [
          0.13629279826652993,
          -0.5097234398806859,
          0.8494741244070341,
          2.8102711354617607
        ],
        [
          0.9640875840771569,
          -0.12905482168596139,
          -0.23212062216527812,
          -1.2775728193096505
        ],
        [
          0.22794605364951856,
          0.8506038254659093,
          0.4738287969247007,
          1.9312134167514188
        ],
        [
          0.0,
          0.0,
          0.0,
          1.0
        ]
      ]
    },
    {
      "file_path": "images/0045.jpg",
      "sharpness": 21.850376609015235,
      "transform_matrix": [
        [
          0.10044099446419723,
          -0.5255955253216,
          0.8447845586024711,
          3.0667657645166417
        ],
        [
          0.9627884361581872,
          -0.1627703412524962,
          -0.21574114863682944,
          -1.1309701765513893
        ],
        [
          0.25089845323982335,
          0.8350180595833888,
          0.48968847893144674,
          2.0281239836392535
        ],
        [
          0.0,
          0.0,
          0.0,
          1.0
        ]
      ]
    },
    {
      "file_path": "images/0046.jpg",
      "sharpness": 66.16606749666943,
      "transform_matrix": [
        [
          0.06705335506906532,
          -0.5395108485888408,
          0.8393044095494484,
          3.1912776984899307
        ],
        [
          0.9625509834198624,
          -0.18648355879124587,
          -0.19677267753559521,
          -0.9630408323907055
        ],
        [
          0.26267746743829373,
          0.8210675530151335,
          0.5068023495927009,
          2.052520100286316
        ],
        [
          0.0,
          0.0,
          0.0,
          1.0
        ]
      ]
    },
    {
      "file_path": "images/0047.jpg",
      "sharpness": 32.47911984491518,
      "transform_matrix": [
        [
          0.004588923704175671,
          -0.5375237172065592,
          0.8432361444339881,
          3.322848388271578
        ],
        [
          0.9656082788477676,
          -0.21683104713808954,
          -0.14347455810760143,
          -0.82240800155135
        ],
        [
          0.2599607539808733,
          0.8148941958897769,
          0.5180423302796666,
          2.0433748274096946
        ],
        [
          0.0,
          0.0,
          0.0,
          1.0
        ]
      ]
    },
    {
      "file_path": "images/0048.jpg",
      "sharpness": 25.695614833780983,
      "transform_matrix": [
        [
          -0.09540467127358371,
          -0.5097462939922796,
          0.8550185170629543,
          3.3490873053368158
        ],
        [
          0.9531799691441875,
          -0.2943906719836462,
          -0.06915257535206784,
          -0.6688609243861404
        ],
        [
          0.2869597448023623,
          0.8083890449925896,
          0.513966202065534,
          2.094782021093588
        ],
        [
          0.0,
          0.0,
          0.0,
          1.0
        ]
      ]
    },
    {
      "file_path": "images/0049.jpg",
      "sharpness": 25.79912645295115,
      "transform_matrix": [
        [
          -0.15474750292935815,
          -0.48563898516706866,
          0.8603534078988968,
          3.476621621683189
        ],
        [
          0.9390421817311437,
          -0.34291618422877007,
          -0.024663161397392344,
          -0.35023429019686264
        ],
        [
          0.3070065003969495,
          0.8040915785726146,
          0.5091009153884486,
          2.2512708226999254
        ],
        [
          0.0,
          0.0,
          0.0,
          1.0
        ]
      ]
    },
    {
      "file_path": "images/0050.jpg",
      "sharpness": 31.239014727303882,
      "transform_matrix": [
        [
          -0.22647915711433173,
          -0.45806731982217896,
          0.8595821787147085,
          3.4738029356192413
        ],
        [
          0.9262391591394815,
          -0.3742903687910444,
          0.044584076903871325,
          -0.1879201953850447
        ],
        [
          0.30131082206323534,
          0.8062760385819043,
          0.5090488563811791,
          2.242377968930645
        ],
        [
          0.0,
          0.0,
          0.0,
          1.0
        ]
      ]
    },
    {
      "file_path": "images/0051.jpg",
      "sharpness": 36.703584204363636,
      "transform_matrix": [
        [
          -0.3084023747164535,
          -0.4557873014543217,
          0.8349526400715531,
          3.38505171272992
        ],
        [
          0.9009731589521539,
          -0.4215523300928986,
          0.1026693715162628,
          0.05754045690615082
        ],
        [
          0.305180835153972,
          0.7839333956869694,
          0.5406598644694821,
          2.2738533416072997
        ],
        [
          0.0,
          0.0,
          0.0,
          1.0
        ]
      ]
    },
    {
      "file_path": "images/0052.jpg",
      "sharpness": 54.41358781204957,
      "transform_matrix": [
        [
          -0.3769617322080936,
          -0.46374727897144263,
          0.8017719836446481,
          3.304347987918829
        ],
        [
          0.8719994486103504,
          -0.46953425927594783,
          0.1383999313437393,
          0.19363699624738603
        ],
        [
          0.31227682287830366,
          0.7513162055061774,
          0.5813838192653535,
          2.2899059526768495
        ],
        [
          0.0,
          0.0,
          0.0,
          1.0
        ]
      ]
    },
    {
      "file_path": "images/0053.jpg",
      "sharpness": 30.60277243332495,
      "transform_matrix": [
        [
          -0.42242875289362697,
          -0.4664698643225701,
          0.7771485150650649,
          3.1966627044284506
        ],
        [
          0.8494173727906301,
          -0.5029347449566706,
          0.15983356694809878,
          0.5002134605037482
        ],
        [
          0.3162974479292318,
          0.727641744291132,
          0.6086817037378001,
          2.438439801919888
        ],
        [
          0.0,
          0.0,
          0.0,
          1.0
        ]
      ]
    },
    {
      "file_path": "images/0054.jpg",
      "sharpness": 44.392861682111246,
      "transform_matrix": [
        [
          -0.47462303505328146,
          -0.4690034002325199,
          0.7448280239272443,
          3.0863030275784302
        ],
        [
          0.8240996142434559,
          -0.5340304356978967,
          0.18886852453127678,
          0.7616876038119235
        ],
        [
          0.30918085393580175,
          0.7034538395352272,
          0.6399686674122509,
          2.536659509679657
        ],
        [
          0.0,
          0.0,
          0.0,
          1.0
        ]
      ]
    },
    {
      "file_path": "images/0055.jpg",
      "sharpness": 35.997998987165964,
      "transform_matrix": [
        [
          -0.5325563712211941,
          -0.46064522416195375,
          0.7100631584505105,
          2.971402677146235
        ],
        [
          0.7909171935314401,
          -0.569570125431925,
          0.22369592128228907,
          0.9622223358185967
        ],
        [
          0.30138630442005115,
          0.6807318486068259,
          0.6676604270638598,
          2.5680760501161077
        ],
        [
          0.0,
          0.0,
          0.0,
          1.0
        ]
      ]
    },
    {
      "file_path": "images/0056.jpg",
      "sharpness": 37.78688650423299,
      "transform_matrix": [
        [
          -0.5911940971036126,
          -0.4485271641346327,
          0.6703080803954296,
          2.81263246670965
        ],
        [
          0.7522354644694088,
          -0.6064204876702552,
          0.25767420929301865,
          1.1564261792004642
        ],
        [
          0.2909146706378776,
          0.6565649817037273,
          0.6959102523133114,
          2.668882852710197
        ],
        [
          0.0,
          0.0,
          0.0,
          1.0
        ]
      ]
    },
    {
      "file_path": "images/0057.jpg",
      "sharpness": 8.561264949817541,
      "transform_matrix": [
        [
          -0.6464783209488857,
          -0.4052316244683844,
          0.6464155870135257,
          2.7501581599155793
        ],
        [
          0.7028095408169356,
          -0.6459938777565601,
          0.2979104886442411,
          1.3171342682756273
        ],
        [
          0.29685776043767464,
          0.646899714377677,
          0.7024216893524469,
          2.7347522712084937
        ],
        [
          0.0,
          0.0,
          0.0,
          1.0
        ]
      ]
    },
    {
      "file_path": "images/0058.jpg",
      "sharpness": 20.98905845023132,
      "transform_matrix": [
        [
          -0.7281526058703568,
          -0.3402658217724992,
          0.5949898765171655,
          2.4483146218975915
        ],
        [
          0.6264334103403488,
          -0.682667726720833,
          0.3762259391770987,
          1.614880702648323
        ],
        [
          0.2781635580576568,
          0.6466714354724579,
          0.7102401633105754,
          2.7563756283660314
        ],
        [
          0.0,
          0.0,
          0.0,
          1.0
        ]
      ]
    },
    {
      "file_path": "images/0059.jpg",
      "sharpness": 18.973236748175445,
      "transform_matrix": [
        [
          -0.8021210611381498,
          -0.31362247249711683,
          0.5081759026986827,
          2.309508870877249
        ],
        [
          0.5453741536797518,
          -0.7313705212898767,
          0.40946818324845263,
          1.922880715222534
        ],
        [
          0.24324645082440716,
          0.6055890565042972,
          0.7576892891352641,
          2.7810620702619926
        ],
        [
          0.0,
          0.0,
          0.0,
          1.0
        ]
      ]
    },
    {
      "file_path": "images/0060.jpg",
      "sharpness": 21.757143983914162,
      "transform_matrix": [
        [
          -0.8603610216411776,
          -0.26938169926154837,
          0.4326804971381628,
          2.0408727317516577
        ],
        [
          0.45903550062900245,
          -0.7784709196507497,
          0.4280997972750243,
          2.141148196142602
        ],
        [
          0.22150693367861884,
          0.5669360875641432,
          0.7934217989294822,
          2.9092017394444807
        ],
        [
          0.0,
          0.0,
          0.0,
          1.0
        ]
      ]
    },
    {
      "file_path": "images/0061.jpg",
      "sharpness": 28.755233856460496,
      "transform_matrix": [
        [
          -0.9067042979370467,
          -0.20247852212580542,
          0.36998616763394554,
          1.6957149525982367
        ],
        [
          0.36477037403813034,
          -0.8168370354128671,
          0.44690024816341384,
          2.2292636818974385
        ],
        [
          0.21173070252809645,
          0.5401663685156689,
          0.8144878169735202,
          2.987333225909394
        ],
        [
          0.0,
          0.0,
          0.0,
          1.0
        ]
      ]
    },
    {
      "file_path": "images/0062.jpg",
      "sharpness": 40.72684406697719,
      "transform_matrix": [
        [
          -0.9373169508356999,
          -0.1399654798857552,
          0.31913413821876463,
          1.4804708906637636
        ],
        [
          0.28200987991233395,
          -0.8426457161664077,
          0.45871409904727445,
          2.276439197212821
        ],
        [
          0.20471287544898661,
          0.5199594806193367,
          0.8292977614863161,
          3.015311006469019
        ],
        [
          0.0,
          0.0,
          0.0,
          1.0
        ]
      ]
    },
    {
      "file_path": "images/0063.jpg",
      "sharpness": 29.60499271763212,
      "transform_matrix": [
        [
          -0.9532774277482344,
          -0.09854735007756774,
          0.28557059652319994,
          1.3225393091696591
        ],
        [
          0.2258495201177725,
          -0.8602936309358468,
          0.4570414235496701,
          2.262238492759181
        ],
        [
          0.20063434420496018,
          0.5001832548003318,
          0.8423553713306097,
          3.094323563407075
        ],
        [
