{
  "camera_angle_x": 2.006575807568171,
  "camera_angle_y": 0.13653624437899275,
  "fl_x": 509.96714496572037,
  "fl_y": 8775.21724266942,
  "k1": 0.08828521774711726,
  "k2": 0.004818470624255703,
  "p1": 0.00012841149128561802,
  "p2": 0.1824395555734052,
  "cx": 935.8293056000813,
  "cy": 538.1605927682291,
  "w": 1600.0,
  "h": 1200.0,
  "aabb_scale": 2,
  "frames": [
    {
      "file_path": "./images/0001.jpg",
      "sharpness": 61.627086777135084,
      "transform_matrix": [
        [
          -0.08696256842097226,
          4.6079635571609946e-05,
          0.9962115787172927,
          3.9153542999081545
        ],
        [
          0.9961992647031506,
          -0.0049682679199265,
          0.08696172329696494,
          0.015865662873193357
        ],
        [
          0.004953453192518664,
          0.9999876570191497,
          0.00038614883984605176,
          0.0067229183065417135
        ],
        [
          0.0,
          0.0,
          0.0,
          1.0
        ]
      ]
    },
    {
      "file_path": "./images/0048.jpg",
      "sharpness": 49.87224597195938,
      "transform_matrix": [
        [
          0.3364639543877172,
          -0.006225775658717342,
          0.9416757653860126,
          4.2697661288553945
        ],
        [
          0.9416114915126995,
          0.015648081986871155,
          -0.33633753370886477,
          -1.3097734809766506
        ],
        [
          -0.01264145755133232,
          0.9998581785671831,
          0.01112727744771412,
          0.012004191852331342
        ],
        [
          0.0,
          0.0,
          0.0,
          1.0
        ]
      ]
    },
    {
      "file_path": "./images/0002.jpg",
      "sharpness": 63.99573698937068,
      "transform_matrix": [
        [
          -0.10161741386369831,
          0.0005281069601968328,
          0.994823412622963,
          3.886156304101162
        ],
        [
          0.9948076710414198,
          -0.005596589919538985,
          0.10161877689885289,
          0.07748371581691557
        ],
        [
          0.005621284266174024,
          0.9999841995173805,
          4.334613894496895e-05,
          0.006995137492732624
        ],
        [
          0.0,
          0.0,
          0.0,
          1.0
        ]
      ]
    },
    {
      "file_path": "./images/0049.jpg",
      "sharpness": 52.785917973398455,
      "transform_matrix": [
        [
          0.3176564434132325,
          -0.00633925757396587,
          0.948184685476185,
          4.268990943172902
        ],
        [
          0.9481314453059949,
          0.014652710957720022,
          -0.31754064382934377,
          -1.2691564110410731
        ],
        [
          -0.01188050419938206,
          0.9998725478155231,
          0.01066497749496263,
          0.011473636523470537
        ],
        [
          0.0,
          0.0,
          0.0,
          1.0
        ]
      ]
    },
    {
      "file_path": "./images/0003.jpg",
      "sharpness": 62.81901241956354,
      "transform_matrix": [
        [
          -0.11420382820569597,
          0.0007936467733136793,
          0.9934570225973888,
          3.8560984185123313
        ],
        [
          0.9934362093141428,
          -0.006430916555512126,
          0.1142065730849289,
          0.13881539542574234
        ],
        [
          0.006479478892031403,
          0.9999790064982169,
          -5.40021525043203e-05,
          0.00772640424322425
        ],
        [
          0.0,
          0.0,
          0.0,
          1.0
        ]
      ]
    },
    {
      "file_path": "./images/0050.jpg",
      "sharpness": 53.80136442911347,
      "transform_matrix": [
        [
          0.30617706106276166,
          -0.006347533115068078,
          0.9519534211832155,
          4.266673193251851
        ],
        [
          0.9519042541818356,
          0.014196287651381772,
          -0.30606658799588427,
          -1.246705151903141
        ],
        [
          -0.011571436795114156,
          0.9998790798093427,
          0.010388821406894984,
          0.011233903069969386
        ],
        [
          0.0,
          0.0,
          0.0,
          1.0
        ]
      ]
    },
    {
      "file_path": "./images/0004.jpg",
      "sharpness": 60.28656897226459,
      "transform_matrix": [
        [
          -0.13881733831780468,
          0.00174838725017773,
          0.9903164593828021,
          3.791464106872901
        ],
        [
          0.9902869335676625,
          -0.00767608371366316,
          0.1388267515429806,
          0.26292836390723334
        ],
        [
          0.007844474967622238,
          0.9999690099602835,
          -0.0006658315388319831,
          0.008813158334342267
        ],
        [
          0.0,
          0.0,
          0.0,
          1.0
        ]
      ]
    },
    {
      "file_path": "./images/0051.jpg",
      "sharpness": 59.2308556933461,
      "transform_matrix": [
        [
          0.267900349329386,
          -0.006142418609550683,
          0.9634270462899219,
          4.263188001592185
        ],
        [
          0.9633801183140552,
          0.013457485187884081,
          -0.2678015006112073,
          -1.174434461280874
        ],
        [
          -0.01132035628403367,
          0.9998905774064222,
          0.009522748949732528,
          0.01025767781061652
        ],
        [
          0.0,
          0.0,
          0.0,
          1.0
        ]
      ]
    },
    {
      "file_path": "./images/0005.jpg",
      "sharpness": 60.00225614944009,
      "transform_matrix": [
        [
          -0.14610093508545008,
          0.0019642037555533225,
          0.9892677386182516,
          3.7722397163562955
        ],
        [
          0.9892348244111526,
          -0.008105350741546056,
          0.14611216739749133,
          0.30096920615551115
        ],
        [
          0.00830535606673123,
          0.9999652219917792,
          -0.0007588594346971429,
          0.009331509993617874
        ],
        [
          0.0,
          0.0,
          0.0,
          1.0
        ]
      ]
    },
    {
      "file_path": "./images/0052.jpg",
      "sharpness": 60.74477579179577,
      "transform_matrix": [
        [
          0.24818705254916557,
          -0.005877525428075602,
          0.9686942973105116,
          4.261408461622944
        ],
        [
          0.9686461193167923,
          0.013179283481145204,
          -0.24809474403832563,
          -1.1344742599203461
        ],
        [
          -0.011308513584166832,
          0.9998958751699455,
          0.008964169718986484,
          0.009692086560974006
        ],
        [
          0.0,
          0.0,
          0.0,
          1.0
        ]
      ]
    },
    {
      "file_path": "./images/0006.jpg",
      "sharpness": 54.27393506736087,
      "transform_matrix": [
        [
          -0.15495073552123592,
          0.0027064730615691014,
          0.9879184908508901,
          3.7184180099745556
        ],
        [
          0.987880017671538,
          -0.00881618169708709,
          0.15496885372733996,
          0.38943537461358474
        ],
        [
          0.009129087945248816,
          0.9999574740677508,
          -0.0013075968174379733,
          0.009994175019087915
        ],
        [
          0.0,
          0.0,
          0.0,
          1.0
        ]
      ]
    },
    {
      "file_path": "./images/0053.jpg",
      "sharpness": 58.899225539930555,
      "transform_matrix": [
        [
          0.2369972047674899,
          -0.0056651245185494106,
          0.9714938143378431,
          4.25953066104385
        ],
        [
          0.9714453280718675,
          0.012949571791944618,
          -0.23690986293893945,
          -1.1109913729989338
        ],
        [
          -0.011238305020976457,
          0.9999001024875936,
          0.008572371064116971,
          0.00931349025493266
        ],
        [
          0.0,
          0.0,
          0.0,
          1.0
        ]
      ]
    },
    {
      "file_path": "./images/0007.jpg",
      "sharpness": 57.288533496039236,
      "transform_matrix": [
        [
          -0.1792423167772354,
          0.003606496761596024,
          0.9837983457282,
          3.6484573591185625
        ],
        [
          0.9837436183990884,
          -0.01050940863557068,
          0.1792708721159104,
          0.5191177670702156
        ],
        [
          0.010985678649990631,
          0.9999382708504283,
          -0.001664137422198743,
          0.01241809371103351
        ],
        [
          0.0,
          0.0,
          0.0,
          1.0
        ]
      ]
    },
    {
      "file_path": "./images/0054.jpg",
      "sharpness": 65.41640264515516,
      "transform_matrix": [
        [
          0.21094298407063758,
          -0.005667121964889371,
          0.9774819390659426,
          4.253061405766887
        ],
        [
          0.9774456199424788,
          0.011611154422527182,
          -0.21086782862314282,
          -1.0503881754707134
        ],
        [
          -0.010154680036447235,
          0.9999165289271483,
          0.007988595104653745,
          0.008875761726403558
        ],
        [
          0.0,
          0.0,
          0.0,
          1.0
        ]
      ]
    },
    {
      "file_path": "./images/0008.jpg",
      "sharpness": 58.67911601019855,
      "transform_matrix": [
        [
          -0.18601017770258918,
          0.0035600451135310326,
          0.9825413680196606,
          3.639970774184622
        ],
        [
          0.982483468800395,
          -0.010770615627058604,
          0.18603824169497313,
          0.5394160370763316
        ],
        [
          0.011244879945900198,
          0.999935657889001,
          -0.0014942413454724609,
          0.012910192747615406
        ],
        [
          0.0,
          0.0,
          0.0,
          1.0
        ]
      ]
    },
    {
      "file_path": "./images/0055.jpg",
      "sharpness": 65.70323061166559,
      "transform_matrix": [
        [
          0.19438507940913236,
          -0.005505965183665321,
          0.9809098456283365,
          4.248030846462902
        ],
        [
          0.9808796049032166,
          0.010742920646542345,
          -0.19431878535255312,
          -1.0069623358287532
        ],
        [
          -0.009467924166314036,
          0.9999271343470402,
          0.0074889524369285984,
          0.008523153123101729
        ],
        [
          0.0,
          0.0,
          0.0,
          1.0
        ]
      ]
    },
    {
      "file_path": "./images/0009.jpg",
      "sharpness": 58.6309911229489,
      "transform_matrix": [
        [
          -0.20112779780377155,
          0.004508998913666555,
          0.9795546324118461,
          3.5733905799744465
        ],
        [
          0.9794871818869209,
          -0.011679581183530715,
          0.20116771088471327,
          0.6461020822246019
        ],
        [
          0.01234785284280172,
          0.9999216250848261,
          -0.0020674181963645896,
          0.014405625015980033
        ],
        [
          0.0,
          0.0,
          0.0,
          1.0
        ]
      ]
    },
    {
      "file_path": "./images/0056.jpg",
      "sharpness": 66.37963217097979,
      "transform_matrix": [
        [
          0.1806419553701306,
          -0.005263882853332408,
          0.9835348369516291,
          4.242595379397179
        ],
        [
          0.983507966617805,
          0.010092462372497368,
          -0.1805830052983118,
          -0.9707803503994686
        ],
        [
          -0.008975720548781643,
          0.9999352147717726,
          0.007000192859062628,
          0.00811114518531173
        ],
        [
          0.0,
          0.0,
          0.0,
          1.0
        ]
      ]
    },
    {
      "file_path": "./images/0010.jpg",
      "sharpness": 57.882523648919275,
      "transform_matrix": [
        [
          -0.22170520408524594,
          0.005378617342682705,
          0.9750989041923418,
          3.486860899382072
        ],
        [
          0.9750199550990408,
          -0.012645818272500773,
          0.2217570076432376,
          0.7800644912333601
        ],
        [
          0.013523669627302354,
          0.9999055724196187,
          -0.0024406155190277463,
          0.016590509520209202
        ],
        [
          0.0,
          0.0,
          0.0,
          1.0
        ]
      ]
    },
    {
      "file_path": "./images/0057.jpg",
      "sharpness": 71.08475794472628,
      "transform_matrix": [
        [
          0.16696193121248415,
          -0.00494698561139359,
          0.9859509322776993,
          4.236417106691219
        ],
        [
          0.985926874827078,
          0.00943834025428602,
          -0.16691050064916732,
          -0.9325500957641287
        ],
        [
          -0.008480036527765513,
          0.9999432209214233,
          0.006453209579951875,
          0.007705690355832137
        ],
        [
          0.0,
          0.0,
          0.0,
          1.0
        ]
      ]
    },
    {
      "file_path": "./images/0011.jpg",
      "sharpness": 55.14116795189865,
      "transform_matrix": [
        [
          -0.2266397983938219,
          0.005670867504207556,
          0.9739621363512355,
          3.4577928683124703
        ],
        [
          0.9738804066640826,
          -0.01288300748284404,
          0.2266957909490117,
          0.8203734141386589
        ],
        [
          0.013833123284853125,
          0.999900929782572,
          -0.0026029445325179645,
          0.017109165889039657
        ],
        [
          0.0,
          0.0,
          0.0,
          1.0
        ]
      ]
    },
    {
      "file_path": "./images/0058.jpg",
      "sharpness": 72.27306365276665,
      "transform_matrix": [
        [
          0.1432287530322363,
          -0.004454308575029795,
          0.989679586250042,
          4.22372962230134
        ],
        [
          0.9896610780215037,
          0.008237807543555856,
          -0.14318899809758634,
          -0.8613550084815742
        ],
        [
          -0.007514981979237839,
          0.9999561478695449,
          0.005588146728387419,
          0.007051864547280742
        ],
        [
          0.0,
          0.0,
          0.0,
          1.0
        ]
      ]
    },
    {
      "file_path": "./images/0012.jpg",
      "sharpness": 48.810393029934616,
      "transform_matrix": [
        [
          -0.24542539625486387,
          0.007081980587456814,
          0.969389612294359,
          3.326370198256918
        ],
        [
          0.9692858606332901,
          -0.014559295307369954,
          0.24550549341416902,
          1.01419630346478
        ],
        [
          0.0158522947717636,
          0.9998689276456275,
          -0.0032912428286985284,
          0.020942987941902833
        ],
        [
          0.0,
          0.0,
          0.0,
          1.0
        ]
      ]
    },
    {
      "file_path": "./images/0059.jpg",
      "sharpness": 76.09723509437386,
      "transform_matrix": [
        [
          0.13418195745508688,
          -0.004344710870527572,
          0.9909471861714316,
          4.218580852507838
        ],
        [
          0.9909309618324735,
          0.007797019507293859,
          -0.13414557528510387,
          -0.8367359813111627
        ],
        [
          -0.007143610802102253,
          0.9999601641937341,
          0.005351527861620026,
          0.006851260322609154
        ],
        [
          0.0,
          0.0,
          0.0,
          1.0
        ]
      ]
    },
    {
      "file_path": "./images/0013.jpg",
      "sharpness": 47.81982512169897,
      "transform_matrix": [
        [
          -0.2543819644549154,
          0.007527023380436033,
          0.9670745369821264,
          3.2884659915546353
        ],
        [
          0.9669689830006462,
          -0.014718591783090559,
          0.2544687583390518,
          1.070385364884907
        ],
        [
          0.016149367627269807,
          0.9998633441501186,
          -0.003534253851409817,
          0.021953401334787136
        ],
        [
          0.0,
          0.0,
          0.0,
          1.0
        ]
      ]
    },
    {
      "file_path": "./images/0060.jpg",
      "sharpness": 70.40029727165687,
      "transform_matrix": [
        [
          0.11951042690394494,
          -0.004002998989792192,
          0.9928248757260417,
          4.207150345811247
        ],
        [
          0.9928116597276295,
          0.007029964894883917,
          -0.11948049172331844,
          -0.7883968575515665
        ],
        [
          -0.006501243735453248,
          0.9999672772609962,
          0.004814378176650883,
          0.00650495240996472
        ],
        [
          0.0,
          0.0,
          0.0,
          1.0
        ]
      ]
    },
    {
      "file_path": "./images/0014.jpg",
      "sharpness": 49.76687170225586,
      "transform_matrix": [
        [
          -0.2621624434226289,
          0.008082490242709146,
          0.9649899101080067,
          3.228215985898843
        ],
        [
          0.9648712442836367,
          -0.015582008265844664,
          0.26226071564942655,
          1.1568128122743704
        ],
        [
          0.017156200431042077,
          0.9998459253154884,
          -0.0037135450569877413,
          0.02413076981504768
        ],
        [
          0.0,
          0.0,
          0.0,
          1.0
        ]
      ]
    },
    {
      "file_path": "./images/0061.jpg",
      "sharpness": 74.48326456636045,
      "transform_matrix": [
        [
          0.09779002252092718,
          -0.0035416042165015357,
          0.9952007679533991,
          4.18835914859406
        ],
        [
          0.9951928845691838,
          0.005687120318153556,
          -0.09776900922763747,
          -0.7132202690729591
        ],
        [
          -0.005313567372746026,
          0.9999775565992299,
          0.0040807229402139555,
          0.006001869907540153
        ],
        [
          0.0,
          0.0,
          0.0,
          1.0
        ]
      ]
    },
    {
      "file_path": "./images/0015.jpg",
      "sharpness": 47.3011345339559,
      "transform_matrix": [
        [
          -0.2737946340655066,
          0.008968725181207872,
          0.9617463596633288,
          3.1201460796560583
        ],
        [
          0.9615965410783075,
          -0.017407967900217602,
          0.2739143202532861,
          1.3113207706358734
        ],
        [
          0.019198712018719463,
          0.9998082439259612,
          -0.0038580869110672916,
          0.029058312779326696
        ],
        [
          0.0,
          0.0,
          0.0,
          1.0
        ]
      ]
    },
    {
      "file_path": "./images/0062.jpg",
      "sharpness": 74.03838771546198,
      "transform_matrix": [
        [
          0.09657315842042358,
          -0.0033475536100613925,
          0.995320259493213,
          4.184185534105292
        ],
        [
          0.9953126271493627,
          0.005486922804824627,
          -0.09655396374653483,
          -0.701078831009467
        ],
        [
          -0.005138025860011831,
          0.9999793435681893,
          0.0038617518434244514,
          0.005943755156119229
        ],
        [
          0.0,
          0.0,
          0.0,
          1.0
        ]
      ]
    },
    {
      "file_path": "./images/0016.jpg",
      "sharpness": 46.11938571622286,
      "transform_matrix": [
        [
          -0.28397609869945767,
          0.009569314466455961,
          0.9587836062366646,
          3.0443381628737005
        ],
        [
          0.9586209329048,
          -0.01811477030943836,
          0.2841087152717551,
          1.418471651936904
        ],
        [
          0.020086870442528413,
          0.9997901196338077,
          -0.004029183359782384,
          0.03211431135331281
        ],
        [
          0.0,
          0.0,
          0.0,
          1.0
        ]
      ]
    },
    {
      "file_path": "./images/0063.jpg",
      "sharpness": 74.12916431928141,
      "transform_matrix": [
        [
          0.07748905997882082,
          -0.002986533813985838,
          0.9969887292238975,
          4.16689149215201
        ],
        [
          0.996984458716422,
          0.004420176899599084,
          -0.07747548718206962,
          -0.6357278314768431
        ],
        [
          -0.004175483387851844,
          0.9999857712248008,
          0.0033200431508649433,
          0.005652820503106445
        ],
        [
          0.0,
          0.0,
          0.0,
          1.0
        ]
      ]
    },
    {
      "file_path": "./images/0017.jpg",
      "sharpness": 43.8371825556833,
      "transform_matrix": [
        [
          -0.2918967523944314,
          0.010336125516371161,
          0.9563939828600968,
          2.9578927617124644
        ],
        [
          0.9562274580761615,
          -0.018407710558236097,
          0.29204486746595476,
          1.5256852428068202
        ],
        [
          0.020623636022667372,
          0.9997771355164207,
          -0.0045105360979099925,
          0.03437781141488621
        ],
        [
          0.0,
          0.0,
          0.0,
          1.0
        ]
      ]
    },
    {
      "file_path": "./images/0064.jpg",
      "sharpness": 71.87139629661209,
      "transform_matrix": [
        [
          0.055476836730549976,
          -0.0025459651747568096,
          0.9984567284804114,
          4.144604283378486
        ],
        [
          0.9984551733617968,
          0.003242573398411072,
          -0.055468482085052444,
          -0.5588054472635152
        ],
        [
          -0.003096348403549966,
          0.9999915018534857,
          0.002721919814945332,
          0.005352252985287419
        ],
        [
          0.0,
          0.0,
          0.0,
          1.0
        ]
      ]
    },
    {
      "file_path": "./images/0040.jpg",
      "sharpness": 40.90356738248264,
      "transform_matrix": [
        [
          0.46880906591359445,
          -0.00701521427447667,
          0.8832716719594325,
          4.257173695500691
        ],
        [
          0.8831850207350357,
          0.01982385142850762,
          -0.46860562743504786,
          -1.5722730935905058
        ],
        [
          -0.014222477509250896,
          0.9997788763938398,
          0.015489333435472888,
          0.016741572048821943
        ],
        [
          0.0,
          0.0,
          0.0,
          1.0
        ]
      ]
    },
    {
      "file_path": "./images/0018.jpg",
      "sharpness": 44.00385818798177,
      "transform_matrix": [
        [
          -0.30361508830534983,
          0.011062610578264387,
          0.9527305478468894,
          2.8612926949912962
        ],
        [
          0.9525599111797092,
          -0.018676293687708956,
          0.303777569394771,
          1.6448474312633576
        ],
        [
          0.021154048469466405,
          0.9997643795922063,
          -0.0048673947926368795,
          0.036801956979588275
        ],
        [
          0.0,
          0.0,
          0.0,
          1.0
        ]
      ]
    },
    {
      "file_path": "./images/0065.jpg",
      "sharpness": 70.20556236300753,
      "transform_matrix": [
        [
          0.050753192482516606,
          -0.0023937800978577083,
          0.9987083574646711,
          4.138751513993626
        ],
        [
          0.9987072108259821,
          0.002957342906721756,
          -0.050746045827425514,
          -0.5406319462880298
        ],
        [
          -0.0028320482022852157,
          0.9999927619437455,
          0.0025407800386438215,
          0.005303437173132592
        ],
        [
          0.0,
          0.0,
          0.0,
          1.0
        ]
      ]
    },
    {
      "file_path": "./images/0041.jpg",
      "sharpness": 41.413631181093734,
      "transform_matrix": [
        [
          0.4647066373387303,
          -0.006931355502116823,
          0.8854375740414103,
          4.257398519098763
        ],
        [
          0.8853497652636211,
          0.019748656878800327,
          -0.4645059565808973,
          -1.5646423249622772
        ],
        [
          -0.01426654691942816,
          0.9997809494396719,
          0.015314005896861473,
          0.016555684643683358
        ],
        [
          0.0,
          0.0,
          0.0,
          1.0
        ]
      ]
    },
    {
      "file_path": "./images/0066.jpg",
      "sharpness": 67.34090137786868,
      "transform_matrix": [
        [
          0.029164598072090327,
          -0.0018474026152098353,
          0.9995729154608862,
          4.110652773987025
        ],
        [
          0.9995731547063759,
          0.00176769792556861,
          -0.029161338007494444,
          -0.45849215835358464
        ],
        [
          -0.0017130702370167141,
          0.9999967311685208,
          0.001898168259610129,
          0.005164511149416281
        ],
        [
          0.0,
          0.0,
          0.0,
          1.0
        ]
      ]
    },
    {
      "file_path": "./images/0019.jpg",
      "sharpness": 42.907379891751035,
      "transform_matrix": [
        [
          -0.3270159728375607,
          0.011739473951971106,
          0.9449458917104937,
          2.6990520065517956
        ],
        [
          0.9447683677361767,
          -0.01895777475144507,
          0.327190058072665,
          1.8348647813548982
        ],
        [
          0.021755110531438925,
          0.9997513628537396,
          -0.004891588490506001,
          0.041721459824456596
        ],
        [
          0.0,
          0.0,
          0.0,
          1.0
        ]
      ]
    },
    {
      "file_path": "./images/0042.jpg",
      "sharpness": 44.71158597704428,
      "transform_matrix": [
        [
          0.44450676630217384,
          -0.006697439132104842,
          0.8957504557748,
          4.261578320778509
        ],
        [
          0.8956579505166613,
          0.019521972355989813,
          -0.44431489764763205,
          -1.5280320852692666
        ],
        [
          -0.014511043653018531,
          0.9997869957668528,
          0.014676263410572522,
          0.015759887735933932
        ],
        [
          0.0,
          0.0,
          0.0,
          1.0
        ]
      ]
    },
    {
      "file_path": "./images/0067.jpg",
      "sharpness": 69.26121456367079,
      "transform_matrix": [
        [
          0.012462108905435905,
          -0.001531287473628273,
          0.9999211723933081,
          4.089840057063681
        ],
        [
          0.9999221833863492,
          0.0005874707928643485,
          -0.012461221847949776,
          -0.39301058142839046
        ],
        [
          -0.0005683427710258778,
          0.9999986550175183,
          0.0015384894390219365,
          0.005293852541588732
        ],
        [
          0.0,
          0.0,
          0.0,
          1.0
        ]
      ]
    },
    {
      "file_path": "./images/0020.jpg",
      "sharpness": 41.256481535709376,
      "transform_matrix": [
        [
          -0.34869873249189215,
          0.012113524928550395,
          0.9371565805522889,
          2.564872690919275
        ],
        [
          0.9369725825580348,
          -0.01914868590039768,
          0.34887778284495885,
          1.9751856773211545
        ],
        [
          0.02217145671999634,
          0.9997432622139539,
          -0.004672918233831008,
          0.04581300549721107
        ],
        [
          0.0,
          0.0,
          0.0,
          1.0
        ]
      ]
    },
    {
      "file_path": "./images/0043.jpg",
      "sharpness": 45.81174456769505,
      "transform_matrix": [
        [
          0.4150083254495378,
          -0.006106446025456133,
          0.9097971208597081,
          4.268469520685865
        ],
        [
          0.9096943371077166,
          0.019245932735454954,
          -0.41483226382152866,
          -1.4740757800389712
        ],
        [
          -0.014976743362332592,
          0.999796131913995,
          0.01354222168546692,
          0.014472640929780336
        ],
        [
          0.0,
          0.0,
          0.0,
          1.0
        ]
      ]
    },
    {
      "file_path": "./images/0068.jpg",
      "sharpness": 70.31551822127575,
      "transform_matrix": [
        [
          0.002121952712177294,
          -0.0013228928097535925,
          0.9999968736308162,
          4.075197908632996
        ],
        [
          0.999997732610397,
          0.00018194628666727702,
          -0.002121713838709491,
          -0.3572248252964816
        ],
        [
          -0.0001791389178544285,
          0.9999991084247365,
          0.0013232758916566026,
          0.005304125337473503
        ],
        [
          0.0,
          0.0,
          0.0,
          1.0
        ]
      ]
    },
    {
      "file_path": "./images/0021.jpg",
      "sharpness": 41.984773882571346,
      "transform_matrix": [
        [
          -0.3723025615054007,
          0.01265548728284245,
          0.9280251296911396,
          2.416688624503538
        ],
        [
          0.9278341366175799,
          -0.01936493079562334,
          0.3724900191715088,
          2.13205036818816
        ],
        [
          0.022685185113679084,
          0.9997323832391447,
          -0.004532579777965546,
          0.050154562753847574
        ],
        [
          0.0,
          0.0,
          0.0,
          1.0
        ]
      ]
    },
    {
      "file_path": "./images/0044.jpg",
      "sharpness": 45.93652476234376,
      "transform_matrix": [
        [
          0.4101884234915658,
          -0.00601009972115425,
          0.9119809953803594,
          4.268889307692941
        ],
        [
          0.9118768472845801,
          0.019188934137188758,
          -0.41001512190773265,
          -1.4639517546705139
        ],
        [
          -0.015035711484874894,
          0.9997978113139306,
          0.013351549427808973,
          0.014261421511001057
        ],
        [
          0.0,
          0.0,
          0.0,
          1.0
        ]
      ]
    },
    {
      "file_path": "./images/0045.jpg",
      "sharpness": 48.8118327662302,
      "transform_matrix": [
        [
          0.3891184957424989,
          -0.006375589002973545,
          0.9211656464154889,
          4.270057429836652
        ],
        [
          0.9210823433495596,
          0.017816876615202024,
          -0.3889599923865725,
          -1.4223956721243827
        ],
        [
          -0.013932445614291097,
          0.9998209393549674,
          0.012805318686429626,
          0.013765632799218856
        ],
        [
          0.0,
          0.0,
          0.0,
          1.0
        ]
      ]
    },
    {
      "file_path": "./images/0046.jpg",
      "sharpness": 51.21912661496415,
      "transform_matrix": [
        [
          0.36443482093946417,
          -0.006597098576946807,
          0.9312055302548905,
          4.269848190247543
        ],
        [
          0.9311354000933848,
          0.016751408883557008,
          -0.36428870006266717,
          -1.3737571506886523
        ],
        [
          -0.01319575612714798,
          0.9998379211606686,
          0.012247588719863664,
          0.013119809361128235
        ],
        [
          0.0,
          0.0,
          0.0,
          1.0
        ]
      ]
    },
    {
      "file_path": "./images/0069.jpg",
      "sharpness": 67.39948942954396,
      "transform_matrix": [
        [
          -0.022339505704213496,
          -0.0006661451081183535,
          0.9997502201728649,
          4.037914451855082
        ],
        [
          0.9997500325547342,
          -0.0009200370981432471,
          0.022338888480535606,
          -0.26417725726423064
        ],
        [
          0.0009049263501538061,
          0.9999993548910613,
          0.0006865317675295087,
          0.005350030971588737
        ],
        [
          0.0,
          0.0,
          0.0,
          1.0
        ]
      ]
    },
    {
      "file_path": "./images/0047.jpg",
      "sharpness": 50.964225986640336,
      "transform_matrix": [
        [
          0.35731178116471146,
          -0.006582787412598452,
          0.9339619681501421,
          4.2703445781791105
        ],
        [
          0.9338942578560105,
          0.016469774523029338,
          -0.35716979389462894,
          -1.3582121053976182
        ],
        [
          -0.01303097020510762,
          0.9998426943460389,
          0.012032471835517271,
          0.012878634003100504
        ],
        [
          0.0,
          0.0,
          0.0,
          1.0
        ]
      ]
    },
    {
      "file_path": "./images/0070.jpg",
      "sharpness": 63.26932388738905,
      "transform_matrix": [
        [
          -0.04096664887542221,
          -0.00024721642180679053,
          0.9991604838883812,
          4.006340696489765
        ],
        [
          0.9991587795497048,
          -0.0018736695005143209,
          0.040966115404651865,
          -0.1903302915510929
        ],
        [
          0.0018619690283151289,
          0.99999821412178,
          0.00032376641883322447,
          0.0056407373285289305
        ],
        [
          0.0,
          0.0,
          0.0,
          1.0
        ]
      ]
    },
    {
      "file_path": "./images/0071.jpg",
      "sharpness": 64.8305939127604,
      "transform_matrix": [
        [
          -0.04890850041224042,
          -0.00018144708221338535,
          0.9988032467230408,
          3.9941357275207063
        ],
        [
          0.9988004204428406,
          -0.0023947446576960334,
          0.04890792697742395,
          -0.1585397688632595
        ],
        [
          0.002383004538532298,
          0.9999971161333847,
          0.0002983527920809418,
          0.005901795001271971
        ],
        [
          0.0,
          0.0,
          0.0,
          1.0
        ]
      ]
    },
    {
      "file_path": "./images/0072.jpg",
      "sharpness": 65.14270688909907,
      "transform_matrix": [
        [
          -0.0689075171526526,
          0.0004371381622035098,
          0.9976229563267827,
          3.956361129501613
        ],
        [
          0.997617098373185,
          -0.003424626863236436,
          0.06890861313590856,
          -0.0740244157235805
        ],
        [
          0.0034466089601242773,
          0.9999940404028317,
          -0.00020011397064580372,
          0.006207612310259385
        ],
        [
          0.0,
          0.0,
          0.0,
          1.0
        ]
      ]
    },
    {
      "file_path": "./images/0073.jpg",
      "sharpness": 62.02276957844377,
      "transform_matrix": [
        [
          -0.08775721133259348,
          0.0010767718522599525,
          0.9961413114722278,
          3.9162845395735357
        ],
        [
          0.9961314208105561,
          -0.0044905781936720734,
          0.0877611940519805,
          0.01351982409946459
        ],
        [
          0.00456774923458899,
          0.9999893375781413,
          -0.0006785256555329559,
          0.006725665228329467
        ],
        [
          0.0,
          0.0,
          0.0,
          1.0
        ]
      ]
    },
    {
      "file_path": "./images/0074.jpg",
      "sharpness": 61.87975506816382,
      "transform_matrix": [
        [
          -0.1008841821742583,
          0.0015981008754791459,
          0.9948968930802468,
          3.8840055861755522
        ],
        [
          0.9948843661833489,
          -0.005106936465833516,
          0.100891115188058,
          0.07674083814109899
        ],
        [
          0.005242109402526094,
          0.9999856825343206,
          -0.0010747164678266646,
          0.00703471205932952
        ],
        [
          0.0,
          0.0,
          0.0,
          1.0
        ]
      ]
    },
    {
      "file_path": "./images/0075.jpg",
      "sharpness": 62.21488663162736,
      "transform_matrix": [
        [
          -0.11379921378843484,
          0.0018209428037225062,
          0.993502100203389,
          3.855172860503682
        ],
        [
          0.9934848141011399,
          -0.005968571283768485,
          0.11380817328845107,
          0.13883704790316187
        ],
        [
          0.006137026279792045,
          0.9999805299725796,
          -0.0011298603033120303,
          0.007916754034802702
        ],
        [
          0.0,
          0.0,
          0.0,
          1.0
        ]
      ]
    },
    {
      "file_path": "./images/0076.jpg",
      "sharpness": 59.57483881953016,
      "transform_matrix": [
        [
          -0.13716336156834533,
          0.0026985383830076446,
          0.9905447643261622,
          3.7939690860741755
        ],
        [
          0.9905211491972021,
          -0.007049376579360773,
          0.13717929611605356,
          0.25428906996599265
        ],
        [
          0.007352906658372432,
          0.9999715116844794,
          -0.001706043151703256,
          0.008756114259602097
        ],
        [
          0.0,
          0.0,
          0.0,
          1.0
        ]
      ]
    },
    {
      "file_path": "./images/0077.jpg",
      "sharpness": 58.80746845206598,
      "transform_matrix": [
        [
          -0.14803874508816342,
          0.0029916072438179544,
          0.9889770372657426,
          3.7659693057736856
        ],
        [
          0.9889490729516629,
          -0.007657780564664736,
          0.1480577235569636,
          0.30903231971597234
        ],
        [
          0.008016299693169528,
          0.9999662037704211,
          -0.001824898985455801,
          0.009437667503691629
        ],
        [
          0.0,
          0.0,
          0.0,
          1.0
        ]
      ]
    },
    {
      "file_path": "./images/0078.jpg",
      "sharpness": 57.94636523697481,
      "transform_matrix": [
        [
          -0.15532648215141331,
          0.0034396825192761636,
          0.9878572024977793,
          3.7386256944685825
        ],
        [
          0.9878269435527259,
          -0.008025577411090818,
          0.15534966912902712,
          0.3553159055392034
        ],
        [
          0.008462477991028006,
          0.9999618786191254,
          -0.0021512263633097807,
          0.009805899794857974
        ],
        [
          0.0,
          0.0,
          0.0,
          1.0
        ]
      ]
    }
  ]
}