{
  "camera_angle_x": 0.5940083976558972,
  "camera_angle_y": 0.451387805608345,
  "fl_x": 7528.014094205999,
  "fl_y": 7525.9443052757515,
  "k1": 0.2872183622703954,
  "k2": -0.7419380423669566,
  "p1": -0.0008603130176924199,
  "p2": 0.0020617288398413975,
  "cx": 2307.598930517756,
  "cy": 1680.2473814097414,
  "w": 4608.0,
  "h": 3456.0,
  "aabb_scale": 16,
  "frames": [
    {
      "file_path": "images/0001.jpg",
      "sharpness": 21.49626551657843,
      "transform_matrix": [
        [
          -0.7243774720990381,
          -0.5023838280694851,
          0.47210991009542835,
          1.7191163224659805
        ],
        [
          0.6719369047575672,
          -0.6676698008659023,
          0.3204962293721052,
          1.183705662067663
        ],
        [
          0.15420140706643976,
          0.5493883201447345,
          0.8212151969813781,
          3.2889882173121676
        ],
        [
          0.0,
          0.0,
          0.0,
          1.0
        ]
      ]
    },
    {
      "file_path": "images/0198.jpg",
      "sharpness": 21.206737620220665,
      "transform_matrix": [
        [
          0.06485350657310186,
          0.880737244583156,
          0.46914382516441416,
          1.8643788738518674
        ],
        [
          0.8371237319581155,
          0.20787678094290268,
          -0.5059753959853814,
          -1.994593049582268
        ],
        [
          -0.5431554842614549,
          0.4255457084161059,
          -0.7238045108806838,
          -2.9545497742816633
        ],
        [
          0.0,
          0.0,
          0.0,
          1.0
        ]
      ]
    },
    {
      "file_path": "images/0002.jpg",
      "sharpness": 22.19716832001154,
      "transform_matrix": [
        [
          -0.7669951155001211,
          -0.48825950729081496,
          0.4163185635300721,
          1.5010090002766592
        ],
        [
          0.6329849427279141,
          -0.6820396449329955,
          0.3662676412470025,
          1.3596858525393274
        ],
        [
          0.10511210719723472,
          0.5444488738948519,
          0.8321819924998808,
          3.3300348267580526
        ],
        [
          0.0,
          0.0,
          0.0,
          1.0
        ]
      ]
    },
    {
      "file_path": "images/0199.jpg",
      "sharpness": 21.90715539318238,
      "transform_matrix": [
        [
          0.04430518423043882,
          0.8783932991659845,
          0.4758805129770075,
          1.8905001194787892
        ],
        [
          0.88675215111662,
          0.1848134357432018,
          -0.4236916525777567,
          -1.665778037351111
        ],
        [
          -0.46011702114338215,
          0.4407598052811989,
          -0.7707289542429989,
          -3.134300495388565
        ],
        [
          0.0,
          0.0,
          0.0,
          1.0
        ]
      ]
    },
    {
      "file_path": "images/0003.jpg",
      "sharpness": 21.706240192974253,
      "transform_matrix": [
        [
          -0.8031773119220447,
          -0.4741453251158605,
          0.36068326310644006,
          1.282397702942078
        ],
        [
          0.5928867842006017,
          -0.6953658211552437,
          0.40614238377026474,
          1.5129862447543954
        ],
        [
          0.05823630083087977,
          0.5400486880323695,
          0.8396165480896253,
          3.356043273185668
        ],
        [
          0.0,
          0.0,
          0.0,
          1.0
        ]
      ]
    },
    {
      "file_path": "images/0200.jpg",
      "sharpness": 20.878498827683284,
      "transform_matrix": [
        [
          0.028601992708339113,
          0.8763965129292247,
          0.480740135769069,
          1.9080076074117671
        ],
        [
          0.9182018663982702,
          0.1670506174446451,
          -0.35916489772711047,
          -1.410067502576071
        ],
        [
          -0.3950788004452672,
          0.45168932170159926,
          -0.7999309333344751,
          -3.247821993907062
        ],
        [
          0.0,
          0.0,
          0.0,
          1.0
        ]
      ]
    },
    {
      "file_path": "images/0004.jpg",
      "sharpness": 21.473432571254424,
      "transform_matrix": [
        [
          -0.8607685566986467,
          -0.44484869171833946,
          0.24736033084564435,
          0.8364718218259295
        ],
        [
          0.5079142887193967,
          -0.7190135566583038,
          0.47438653086009513,
          1.772678737038669
        ],
        [
          -0.03317479636441343,
          0.5339748559845823,
          0.8448492682534037,
          3.3704207983665455
        ],
        [
          0.0,
          0.0,
          0.0,
          1.0
        ]
      ]
    },
    {
      "file_path": "images/0005.jpg",
      "sharpness": 21.609393060139084,
      "transform_matrix": [
        [
          -0.8749575086823576,
          -0.4353603603502956,
          0.21192148224443713,
          0.698117292441411
        ],
        [
          0.4803635278290073,
          -0.7254865266800167,
          0.4928693343500556,
          1.8433076279315905
        ],
        [
          -0.06082959092585309,
          0.5330390757225466,
          0.8439011225413395,
          3.36601110111689
        ],
        [
          0.0,
          0.0,
          0.0,
          1.0
        ]
      ]
    },
    {
      "file_path": "images/0006.jpg",
      "sharpness": 20.586359719943765,
      "transform_matrix": [
        [
          -0.8979462748546297,
          -0.41719573624898937,
          0.14014351619327003,
          0.4099140470294121
        ],
        [
          0.4246575180462992,
          -0.7377017883648401,
          0.5248447997411272,
          1.9662088273301934
        ],
        [
          -0.1155788901209407,
          0.5307954305612848,
          0.8395818787108011,
          3.3433003492702316
        ],
        [
          0.0,
          0.0,
          0.0,
          1.0
        ]
      ]
    },
    {
      "file_path": "images/0008.jpg",
      "sharpness": 21.249700744673696,
      "transform_matrix": [
        [
          -0.9263806434301454,
          -0.37654596400543294,
          -0.0056604301801905085,
          -0.1524274074974777
        ],
        [
          0.30463552126731946,
          -0.7581334067217684,
          0.5765682412341703,
          2.156833234889588
        ],
        [
          -0.22139580542645637,
          0.5323972901973583,
          0.8170293891507006,
          3.2508523283056445
        ],
        [
          0.0,
          0.0,
          0.0,
          1.0
        ]
      ]
    },
    {
      "file_path": "images/0007.jpg",
      "sharpness": 20.911177344764496,
      "transform_matrix": [
        [
          -0.9242769888235671,
          -0.3815212433525993,
          0.01239309495575475,
          -0.08448736770751086
        ],
        [
          0.3196052683210347,
          -0.7557104826982664,
          0.5716241237094734,
          2.1375075191639485
        ],
        [
          -0.20872115463683938,
          0.5322999222397642,
          0.8204220087226403,
          3.2639877614232287
        ],
        [
          0.0,
          0.0,
          0.0,
          1.0
        ]
      ]
    },
    {
      "file_path": "images/0009.jpg",
      "sharpness": 21.55496510190273,
      "transform_matrix": [
        [
          -0.9314125174020811,
          -0.34997454916164433,
          -0.09994267039897342,
          -0.5201439802661638
        ],
        [
          0.224512879053231,
          -0.768585881271668,
          0.5990573513899259,
          2.2386881363015747
        ],
        [
          -0.2864693518798971,
          0.5355310990547721,
          0.7944443041425788,
          3.1608141733338138
        ],
        [
          0.0,
          0.0,
          0.0,
          1.0
        ]
      ]
    },
    {
      "file_path": "images/0010.jpg",
      "sharpness": 21.927364637691085,
      "transform_matrix": [
        [
          -0.925013502163871,
          -0.3194762017621342,
          -0.20563311339087922,
          -0.9317009253213997
        ],
        [
          0.13196054747906888,
          -0.7776944344015208,
          0.6146362994610334,
          2.2933102106182632
        ],
        [
          -0.3562813982296883,
          0.5414114176986062,
          0.7615361068701666,
          3.028095575512192
        ],
        [
          0.0,
          0.0,
          0.0,
          1.0
        ]
      ]
    },
    {
      "file_path": "images/0011.jpg",
      "sharpness": 20.912188908078353,
      "transform_matrix": [
        [
          -0.9199342760123838,
          -0.3094073542174765,
          -0.24080701188787795,
          -1.0679789365492796
        ],
        [
          0.10129172948501937,
          -0.7808939468670762,
          0.6163964870840228,
          2.299273904379715
        ],
        [
          -0.37876234416400634,
          0.5426524973759744,
          0.7497115136776887,
          2.981247094781917
        ],
        [
          0.0,
          0.0,
          0.0,
          1.0
        ]
      ]
    },
    {
      "file_path": "images/0012.jpg",
      "sharpness": 19.679309489977427,
      "transform_matrix": [
        [
          -0.8807795154539668,
          -0.2645433028402471,
          -0.3927394633592412,
          -1.6573323154191282
        ],
        [
          -0.039157830658219046,
          -0.7858613435087249,
          0.6171617398073492,
          2.293029717648739
        ],
        [
          -0.47190476735965864,
          0.5589622435432653,
          0.6818116314952338,
          2.7119621285905384
        ],
        [
          0.0,
          0.0,
          0.0,
          1.0
        ]
      ]
    },
    {
      "file_path": "images/0013.jpg",
      "sharpness": 19.68196698746563,
      "transform_matrix": [
        [
          -0.8674278260001917,
          -0.2531848801537006,
          -0.4283297598145541,
          -1.7947579674210923
        ],
        [
          -0.07167556184123663,
          -0.7882927758076478,
          0.6111113756505008,
          2.2662171087307734
        ],
        [
          -0.49237341572987275,
          0.5607957882125304,
          0.6656399202357617,
          2.6474571849172475
        ],
        [
          0.0,
          0.0,
          0.0,
          1.0
        ]
      ]
    },
    {
      "file_path": "images/0014.jpg",
      "sharpness": 20.63051159957342,
      "transform_matrix": [
        [
          -0.8401595621399338,
          -0.235851752394759,
          -0.4883706185243047,
          -2.027300608901678
        ],
        [
          -0.1299799873363731,
          -0.7866788784324912,
          0.6035242705355475,
          2.2341683006536206
        ],
        [
          -0.5265331072586596,
          0.5705350936852144,
          0.6302797742590436,
          2.5097029382900886
        ],
        [
          0.0,
          0.0,
          0.0,
          1.0
        ]
      ]
    },
    {
      "file_path": "images/0015.jpg",
      "sharpness": 19.963847098273305,
      "transform_matrix": [
        [
          -0.7868377664752023,
          -0.20690808893923524,
          -0.581442492410457,
          -2.3878753908436834
        ],
        [
          -0.2225962659729265,
          -0.7835670658564068,
          0.5800634066076934,
          2.1369716964500176
        ],
        [
          -0.5756189986670786,
          0.5858427229577541,
          0.5704831919845149,
          2.2743351160950374
        ],
        [
          0.0,
          0.0,
          0.0,
          1.0
        ]
      ]
    },
    {
      "file_path": "images/0016.jpg",
      "sharpness": 20.113534647672726,
      "transform_matrix": [
        [
          -0.7485370701434306,
          -0.18807504265456662,
          -0.6358616460773742,
          -2.5969668661597263
        ],
        [
          -0.27740504024983786,
          -0.7821653227253419,
          0.5579102540509342,
          2.0464482075633033
        ],
        [
          -0.6022779244408262,
          0.5940077324936854,
          0.5333067742630383,
          2.1265230775558517
        ],
        [
          0.0,
          0.0,
          0.0,
          1.0
        ]
      ]
    },
    {
      "file_path": "images/0017.jpg",
      "sharpness": 19.778603098599536,
      "transform_matrix": [
        [
          -0.7017429121545921,
          -0.17067598773221038,
          -0.6916838818803592,
          -2.81121081819974
        ],
        [
          -0.3360206086727416,
          -0.7768132169811807,
          0.5325893131445466,
          1.9430217709949675
        ],
        [
          -0.6282093884940778,
          0.6061608145870312,
          0.4877725198009518,
          1.9478937785030834
        ],
        [
          0.0,
          0.0,
          0.0,
          1.0
        ]
      ]
    },
    {
      "file_path": "images/0018.jpg",
      "sharpness": 19.83117908434663,
      "transform_matrix": [
        [
          -0.6488642226909008,
          -0.15280969387226417,
          -0.7454021853811899,
          -3.01677035053785
        ],
        [
          -0.3932054126080634,
          -0.7713491690203168,
          0.5004097950206602,
          1.8155750795423262
        ],
        [
          -0.6514328238674991,
          0.6177941865347569,
          0.44041528025008486,
          1.762486850833486
        ],
        [
          0.0,
          0.0,
          0.0,
          1.0
        ]
      ]
    },
    {
      "file_path": "images/0019.jpg",
      "sharpness": 19.945940149384214,
      "transform_matrix": [
        [
          -0.5721814446616885,
          -0.13105753858029512,
          -0.8095877444519483,
          -3.2638116017421304
        ],
        [
          -0.4659665782251789,
          -0.7603899530580801,
          0.452418243742092,
          1.6244788886707915
        ],
        [
          -0.6748952084338729,
          0.6361061553509693,
          0.37401258904413137,
          1.5031356320318896
        ],
        [
          0.0,
          0.0,
          0.0,
          1.0
        ]
      ]
    },
    {
      "file_path": "images/0020.jpg",
      "sharpness": 19.13171516617287,
      "transform_matrix": [
        [
          -0.5165597230094384,
          -0.11733735650734031,
          -0.8481733297698871,
          -3.409830900795811
        ],
        [
          -0.5110779375109296,
          -0.7525110040953393,
          0.415363130899011,
          1.4764717484380578
        ],
        [
          -0.6869973758023276,
          0.6480425398760975,
          0.3287483416802868,
          1.3260527328570382
        ],
        [
          0.0,
          0.0,
          0.0,
          1.0
        ]
      ]
    },
    {
      "file_path": "images/0021.jpg",
      "sharpness": 19.78772923381482,
      "transform_matrix": [
        [
          -0.4514776644505736,
          -0.10361863023038048,
          -0.8862455066019181,
          -3.5553851246668633
        ],
        [
          -0.5579820493686712,
          -0.742284760553371,
          0.3710382282700695,
          1.3020377365263558
        ],
        [
          -0.6962930066359584,
          0.6620245567387646,
          0.27730765440316707,
          1.1257857985768431
        ],
        [
          0.0,
          0.0,
          0.0,
          1.0
        ]
      ]
    },
    {
      "file_path": "images/0022.jpg",
      "sharpness": 20.0097214123288,
      "transform_matrix": [
        [
          -0.34032762523455334,
          -0.08348053157701585,
          -0.9365938865647613,
          -3.7442751834176944
        ],
        [
          -0.6264513798925518,
          -0.7226809805254006,
          0.2920460049766029,
          0.9904249178286094
        ],
        [
          -0.7012387440371081,
          0.6861218559703485,
          0.19365180770380278,
          0.799543774607826
        ],
        [
          0.0,
          0.0,
          0.0,
          1.0
        ]
      ]
    },
    {
      "file_path": "images/0023.jpg",
      "sharpness": 19.17677627349433,
      "transform_matrix": [
        [
          -0.3028139812840654,
          -0.07715826847292,
          -0.9499212042826557,
          -3.7922820761991276
        ],
        [
          -0.6461197777255137,
          -0.7160748426987898,
          0.2641326418507698,
          0.8800115014914373
        ],
        [
          -0.700594694225331,
          0.6937459342337712,
          0.1669839907395728,
          0.695535204404288
        ],
        [
          0.0,
          0.0,
          0.0,
          1.0
        ]
      ]
    },
    {
      "file_path": "images/0024.jpg",
      "sharpness": 18.98343878665848,
      "transform_matrix": [
        [
          -0.22862632161703786,
          -0.07024698061562606,
          -0.9709765016615521,
          -3.8735709042689446
        ],
        [
          -0.6809370698704871,
          -0.7012667341035375,
          0.21106793816490405,
          0.6715748507108126
        ],
        [
          -0.6957404055723251,
          0.7094295802684485,
          0.11249426074283202,
          0.48470070623416694
        ],
        [
          0.0,
          0.0,
          0.0,
          1.0
        ]
      ]
    },
    {
      "file_path": "images/0025.jpg",
      "sharpness": 18.829265301624357,
      "transform_matrix": [
        [
          -0.10427022797208177,
          -0.05818742151185937,
          -0.9928453774566853,
          -3.9505799922930125
        ],
        [
          -0.7281054974360871,
          -0.6755683076197798,
          0.11605966719030918,
          0.29716454388360924
        ],
        [
          -0.6774880841518628,
          0.7349977453865172,
          0.02807507996181225,
          0.1570259602705255
        ],
        [
          0.0,
          0.0,
          0.0,
          1.0
        ]
      ]
    },
    {
      "file_path": "images/0026.jpg",
      "sharpness": 19.07588873375899,
      "transform_matrix": [
        [
          -0.08459705737218183,
          -0.056069671093495976,
          -0.9948364337257107,
          -3.9572188555596224
        ],
        [
          -0.7335614229130549,
          -0.6721865379294907,
          0.10026413638669186,
          0.23580685645915334
        ],
        [
          -0.6743374353418825,
          0.7382556807878591,
          0.01573445540441775,
          0.10916066793267486
        ],
        [
          0.0,
          0.0,
          0.0,
          1.0
        ]
      ]
    },
    {
      "file_path": "images/0027.jpg",
      "sharpness": 19.457531009451582,
      "transform_matrix": [
        [
          0.013403659681295924,
          -0.049178558820475976,
          -0.9987000607089926,
          -3.9663735879823157
        ],
        [
          -0.7583291458507707,
          -0.6515037350866665,
          0.021904102962550492,
          -0.06955901571850309
        ],
        [
          -0.6517340319991427,
          0.7570497688568288,
          -0.04602606885069821,
          -0.1301892012178411
        ],
        [
          0.0,
          0.0,
          0.0,
          1.0
        ]
      ]
    },
    {
      "file_path": "images/0028.jpg",
      "sharpness": 19.271712354486567,
      "transform_matrix": [
        [
          0.12150863100004078,
          -0.04613519299210999,
          -0.9915176229199021,
          -3.932384173930946
        ],
        [
          -0.7763746147635989,
          -0.6268088799276871,
          -0.06597791751565672,
          -0.41501822021451434
        ],
        [
          -0.6184481466931839,
          0.7778059989593191,
          -0.11198088158497589,
          -0.3851910932634327
        ],
        [
          0.0,
          0.0,
          0.0,
          1.0
        ]
      ]
    },
    {
      "file_path": "images/0029.jpg",
      "sharpness": 19.487767616282948,
      "transform_matrix": [
        [
          0.15826226489865963,
          -0.04393484291325116,
          -0.986419173114549,
          -3.9105599260488324
        ],
        [
          -0.7793702638702604,
          -0.6189349248160431,
          -0.09747589775421221,
          -0.5371037620407424
        ],
        [
          -0.6062466884930975,
          0.7842125275885822,
          -0.13219555314066758,
          -0.4635390315617701
        ],
        [
          0.0,
          0.0,
          0.0,
          1.0
        ]
      ]
    },
    {
      "file_path": "images/0030.jpg",
      "sharpness": 18.99905888938095,
      "transform_matrix": [
        [
          0.30199798253627913,
          -0.04564857260013955,
          -0.952215010574945,
          -3.7634887749850927
        ],
        [
          -0.7814747883345913,
          -0.5839187925738746,
          -0.21985449479531574,
          -1.0109839297989076
        ],
        [
          -0.5459801953785107,
          0.8105276377177947,
          -0.21201550593280036,
          -0.7694856972550025
        ],
        [
          0.0,
          0.0,
          0.0,
          1.0
        ]
      ]
    },
    {
      "file_path": "images/0031.jpg",
      "sharpness": 19.41451452196613,
      "transform_matrix": [
        [
          0.35587599918768087,
          -0.04806823830392742,
          -0.933296157534779,
          -3.686956702835445
        ],
        [
          -0.7769764312279595,
          -0.5701486238464812,
          -0.2669047995961448,
          -1.1940995570366737
        ],
        [
          -0.5192878763482136,
          0.8201341300044055,
          -0.2402500994496482,
          -0.8780183126255497
        ],
        [
          0.0,
          0.0,
          0.0,
          1.0
        ]
      ]
    },
    {
      "file_path": "images/0038.jpg",
      "sharpness": 19.289329128599526,
      "transform_matrix": [
        [
          0.7995926592774297,
          -0.12678805105815258,
          -0.587006277086693,
          -2.329404066072565
        ],
        [
          -0.5743485160042224,
          -0.446981906197382,
          -0.6858067932742663,
          -2.8300013603663143
        ],
        [
          -0.17542907796035329,
          0.8855122617146028,
          -0.430223979997577,
          -1.6046991532028705
        ],
        [
          0.0,
          0.0,
          0.0,
          1.0
        ]
      ]
    },
    {
      "file_path": "images/0039.jpg",
      "sharpness": 19.583316061761785,
      "transform_matrix": [
        [
          0.8365133510503301,
          -0.1412933584463098,
          -0.5294162826870418,
          -2.0995179664698234
        ],
        [
          -0.5328857878229233,
          -0.43474374529990384,
          -0.7259687411067949,
          -2.9818049982501003
        ],
        [
          -0.12758585600009872,
          0.8894009572670026,
          -0.43896216985880226,
          -1.6340380929464222
        ],
        [
          0.0,
          0.0,
          0.0,
          1.0
        ]
      ]
    },
    {
      "file_path": "images/0040.jpg",
      "sharpness": 19.1639621814136,
      "transform_matrix": [
        [
          0.8966429839304759,
          -0.17097671247066834,
          -0.4084095042498784,
          -1.618877196502381
        ],
        [
          -0.4417262334560465,
          -0.4082727213901273,
          -0.7988687749878979,
          -3.2558726231600352
        ],
        [
          -0.03015450289878953,
          0.8967052741939823,
          -0.44159977037302517,
          -1.6352529751926685
        ],
        [
          0.0,
          0.0,
          0.0,
          1.0
        ]
      ]
    },
    {
      "file_path": "images/0041.jpg",
      "sharpness": 18.898690596140952,
      "transform_matrix": [
        [
          0.9030178468797891,
          -0.17624181835383798,
          -0.3917876844421968,
          -1.5521437032682337
        ],
        [
          -0.4292851842883346,
          -0.40525793832080964,
          -0.8071432549329318,
          -3.2843123051435876
        ],
        [
          -0.016522674335113192,
          0.8970534125107495,
          -0.4416131523647385,
          -1.632756156322726
        ],
        [
          0.0,
          0.0,
          0.0,
          1.0
        ]
      ]
    },
    {
      "file_path": "images/0042.jpg",
      "sharpness": 19.650503703452845,
      "transform_matrix": [
        [
          0.9309599635125536,
          -0.19802479640612566,
          -0.30675678695943037,
          -1.2193603213852877
        ],
        [
          -0.3619454408571186,
          -0.3899479921580348,
          -0.846720769356636,
          -3.434906410476233
        ],
        [
          0.04805251480900587,
          0.8992923570375194,
          -0.43470014078709407,
          -1.6024810777090934
        ],
        [
          0.0,
          0.0,
          0.0,
          1.0
        ]
      ]
    },
    {
      "file_path": "images/0043.jpg",
      "sharpness": 19.370501416985253,
      "transform_matrix": [
        [
          0.95482137858539,
          -0.23128204900987911,
          -0.18661390302639203,
          -0.7500769443514061
        ],
        [
          -0.26421696321868665,
          -0.3732252012463112,
          -0.8893212836244142,
          -3.5955360159140732
        ],
        [
          0.13603503719236545,
          0.8984495327876117,
          -0.4174720418131982,
          -1.530724359856039
        ],
        [
          0.0,
          0.0,
          0.0,
          1.0
        ]
      ]
    },
    {
      "file_path": "images/0044.jpg",
      "sharpness": 19.528634714341067,
      "transform_matrix": [
        [
          0.9571704119142415,
          -0.23720566539528457,
          -0.16600685184942623,
          -0.6688168430885437
        ],
        [
          -0.24697038981853234,
          -0.36970553117256855,
          -0.895725095539095,
          -3.6178297701653204
        ],
        [
          0.15109741595732745,
          0.8983603355728794,
          -0.4124539712092588,
          -1.5087473945008796
        ],
        [
          0.0,
          0.0,
          0.0,
          1.0
        ]
      ]
    },
    {
      "file_path": "images/0045.jpg",
      "sharpness": 20.181500576020742,
      "transform_matrix": [
        [
          0.9618176849436826,
          -0.26303873993190263,
          -0.07561324107104493,
          -0.3161312047890234
        ],
        [
          -0.169861283506712,
          -0.3570757285256919,
          -0.9185009899115673,
          -3.7008007251531083
        ],
        [
          0.21460168987091147,
          0.8962742579136547,
          -0.38812184853698106,
          -1.410075924864472
        ],
        [
          0.0,
          0.0,
          0.0,
          1.0
        ]
      ]
    },
    {
      "file_path": "images/0046.jpg",
      "sharpness": 20.278971574525727,
      "transform_matrix": [
        [
          0.9554148309489129,
          -0.293550287618594,
          0.031791971353742614,
          0.10156383273966045
        ],
        [
          -0.07619986731762403,
          -0.3491563578818226,
          -0.9339611437188955,
          -3.7561623095315624
        ],
        [
          0.28526493129102853,
          0.8898977842401209,
          -0.355957655607987,
          -1.2808731732016163
        ],
        [
          0.0,
          0.0,
          0.0,
          1.0
        ]
      ]
    },
    {
      "file_path": "images/0047.jpg",
      "sharpness": 19.86509571483302,
      "transform_matrix": [
        [
          0.9505819120844864,
          -0.30365888288136467,
          0.06469398168067703,
          0.22941214480029493
        ],
        [
          -0.04662128811913842,
          -0.3456169025250253,
          -0.9372168437391372,
          -3.7642996745922077
        ],
        [
          0.30695355334791136,
          0.8878852625998271,
          -0.34269414431970385,
          -1.227474089761938
        ],
        [
          0.0,
          0.0,
          0.0,
          1.0
        ]
      ]
    },
    {
      "file_path": "images/0048.jpg",
      "sharpness": 19.46685396215466,
      "transform_matrix": [
        [
          0.9281447399299912,
          -0.33337551034451796,
          0.16555395145836094,
          0.6212871571906122
        ],
        [
          0.044993835722179465,
          -0.3410279241242049,
          -0.9389757769611375,
          -3.766568596455623
        ],
        [
          0.36949004924196366,
          0.8789543356032316,
          -0.301523430998886,
          -1.0620777712554945
        ],
        [
          0.0,
          0.0,
          0.0,
          1.0
        ]
      ]
    },
    {
      "file_path": "images/0049.jpg",
      "sharpness": 19.70476010471329,
      "transform_matrix": [
        [
          0.8969091494198826,
          -0.35998819834195706,
          0.25683160775510216,
          0.974055493850079
        ],
        [
          0.1298655053897711,
          -0.3407566423039499,
          -0.931139012844391,
          -3.732249240555318
        ],
        [
          0.4227161319359144,
          0.868500666543116,
          -0.2588777008959797,
          -0.8957660800957895
        ],
        [
          0.0,
          0.0,
          0.0,
          1.0
        ]
      ]
    },
    {
      "file_path": "images/0050.jpg",
      "sharpness": 19.979040806061683,
      "transform_matrix": [
        [
          0.8817770041264463,
          -0.3710113000747705,
          0.29123861387404176,
          1.1070257005091735
        ],
        [
          0.1629949226838299,
          -0.3397363758075825,
          -0.9262892907389412,
          -3.7097045469766097
        ],
        [
          0.4426081451751824,
          0.8642510110931403,
          -0.23909876548187253,
          -0.8158151423872771
        ],
        [
          0.0,
          0.0,
          0.0,
          1.0
        ]
      ]
    },
    {
      "file_path": "images/0051.jpg",
      "sharpness": 21.203920818677506,
      "transform_matrix": [
        [
          0.8188222214472228,
          -0.40613124141545265,
          0.4056939541221124,
          1.5499762497530993
        ],
        [
          0.2755928464109123,
          -0.34183665896293325,
          -0.8984410284495141,
          -3.597471075760532
        ],
        [
          0.5035660360613414,
          0.8474698303425701,
          -0.16797658762604395,
          -0.5359602235482971
        ],
        [
          0.0,
          0.0,
          0.0,
          1.0
        ]
      ]
    },
    {
      "file_path": "images/0052.jpg",
      "sharpness": 21.310146379329133,
      "transform_matrix": [
        [
          0.7785276683037469,
          -0.4241123172602529,
          0.4626266443195054,
          1.7691929520981486
        ],
        [
          0.33335429194013494,
          -0.34511447648909704,
          -0.8773658952614801,
          -3.5109385420955714
        ],
        [
          0.5317608350886964,
          0.8372722021369186,
          -0.1273015074555435,
          -0.37488773521736135
        ],
        [
          0.0,
          0.0,
          0.0,
          1.0
        ]
      ]
    },
    {
      "file_path": "images/0053.jpg",
      "sharpness": 20.541868039837034,
      "transform_matrix": [
        [
          0.7506734890857757,
          -0.435026164078016,
          0.4972338980319133,
          1.9008574967706935
        ],
        [
          0.3692022942930228,
          -0.34791180851826914,
          -0.8617697136634276,
          -3.4458287364952307
        ],
        [
          0.5478859175744829,
          0.8304875736978206,
          -0.10055551333945484,
          -0.2695253964271079
        ],
        [
          0.0,
          0.0,
          0.0,
          1.0
        ]
      ]
    },
    {
      "file_path": "images/0054.jpg",
      "sharpness": 21.72294364046169,
      "transform_matrix": [
        [
          0.6699012864168048,
          -0.46242486829869156,
          0.5808575622617853,
          2.2223460116487437
        ],
        [
          0.45871476796911903,
          -0.3573806650705161,
          -0.8135476764677183,
          -3.2538548917908696
        ],
        [
          0.5837919390576464,
          0.8114445769231502,
          -0.027288651106447324,
          0.017643279157660483
        ],
        [
          0.0,
          0.0,
          0.0,
          1.0
        ]
      ]
    },
    {
      "file_path": "images/0055.jpg",
      "sharpness": 21.376564561396865,
      "transform_matrix": [
        [
          0.6053281862492503,
          -0.48089348744752436,
          0.6342864027104843,
          2.427162780650316
        ],
        [
          0.5193873680231046,
          -0.3652116195342473,
          -0.7725653596301313,
          -3.091300216722202
        ],
        [
          0.6031704144561323,
          0.7970959331805488,
          0.028697115495004137,
          0.23706867918935512
        ],
        [
          0.0,
          0.0,
          0.0,
          1.0
        ]
      ]
    },
    {
      "file_path": "images/0056.jpg",
      "sharpness": 21.374206798962206,
      "transform_matrix": [
        [
          0.5496879668634354,
          -0.49511137495056623,
          0.6728356898090048,
          2.573035271685031
        ],
        [
          0.5650197038376097,
          -0.37289589254538974,
          -0.7360036600474672,
          -2.9450230995549105
        ],
        [
          0.6153014491824722,
          0.7847377776827968,
          0.07477129741619935,
          0.41705621356641265
        ],
        [
          0.0,
          0.0,
          0.0,
          1.0
        ]
      ]
    },
    {
      "file_path": "images/0057.jpg",
      "sharpness": 21.931821178266365,
      "transform_matrix": [
        [
          0.49264296387223167,
          -0.5069885380193119,
          0.7072945160715445,
          2.703807428976646
        ],
        [
          0.6064731973723898,
          -0.3828623916274134,
          -0.6968548270274645,
          -2.7899397885407344
        ],
        [
          0.6240938799744603,
          0.772255794021348,
          0.11886049631718544,
          0.5903431528598166
        ],
        [
          0.0,
          0.0,
          0.0,
          1.0
        ]
      ]
    },
    {
      "file_path": "images/0058.jpg",
      "sharpness": 22.092425224146794,
      "transform_matrix": [
        [
          0.3773033969027159,
          -0.5274024344417874,
          0.7612416297281723,
          2.905918406072531
        ],
        [
          0.6779708041874228,
          -0.4026563674259813,
          -0.6149987304425939,
          -2.466401155670648
        ],
        [
          0.6308706169738122,
          0.7481407099746021,
          0.20563983739457206,
          0.9287580528781362
        ],
        [
          0.0,
          0.0,
          0.0,
          1.0
        ]
      ]
    },
    {
      "file_path": "images/0059.jpg",
      "sharpness": 23.274277143950965,
      "transform_matrix": [
        [
          0.3361029124690846,
          -0.5338139475732258,
          0.7759365319449424,
          2.9604791898421228
        ],
        [
          0.6996905844144209,
          -0.4099654628480193,
          -0.5851165741618037,
          -2.3490798005059426
        ],
        [
          0.6304505677033296,
          0.7395748702147711,
          0.2357140068711238,
          1.044912465817755
        ],
        [
          0.0,
          0.0,
          0.0,
          1.0
        ]
      ]
    },
    {
      "file_path": "images/0060.jpg",
      "sharpness": 21.711801350250916,
      "transform_matrix": [
        [
          0.2595488883261745,
          -0.5432260889853056,
          0.7984608887196868,
          3.0444067863321926
        ],
        [
          0.7359014079187142,
          -0.42414623390220074,
          -0.5277775005578241,
          -2.1241887444620406
        ],
        [
          0.625366686351126,
          0.7245725557301954,
          0.289674160205413,
          1.2564630180859844
        ],
        [
          0.0,
          0.0,
          0.0,
          1.0
        ]
      ]
    },
    {
      "file_path": "images/0061.jpg",
      "sharpness": 22.7251205243908,
      "transform_matrix": [
        [
          0.13285905834992723,
          -0.5563003942362889,
          0.8202916200885979,
          3.1209259067914936
        ],
        [
          0.7827963991313984,
          -0.448744365960303,
          -0.43111285243081376,
          -1.7448075907859264
        ],
        [
          0.6079294927268002,
          0.6993985740595245,
          0.37585019154222327,
          1.589314647359935
        ],
        [
          0.0,
          0.0,
          0.0,
          1.0
        ]
      ]
    },
    {
      "file_path": "images/0062.jpg",
      "sharpness": 22.32747432654331,
      "transform_matrix": [
        [
          0.11446430063307142,
          -0.5569008856465547,
          0.8226538320869363,
          3.1273645070194447
        ],
        [
          0.7883587278492108,
          -0.4529530817340686,
          -0.4163220171655757,
          -1.686102910921744
        ],
        [
          0.6044736885177879,
          0.6962003370573429,
          0.3871907160261321,
          1.634935506385644
        ],
        [
          0.0,
          0.0,
          0.0,
          1.0
        ]
      ]
    },
    {
      "file_path": "images/0063.jpg",
      "sharpness": 22.601485843028225,
      "transform_matrix": [
        [
          0.015882869970916254,
          -0.5629054593571502,
          0.8263686697038185,
          3.1360095398164067
        ],
        [
          0.8129279706055721,
          -0.47392007971345856,
          -0.3384492172493914,
          -1.381494733387828
        ],
        [
          0.5821476179235751,
          0.677153750543682,
          0.45007438171531033,
          1.8777577599735396
        ],
        [
          0.0,
          0.0,
          0.0,
          1.0
        ]
      ]
    },
    {
      "file_path": "images/0064.jpg",
      "sharpness": 22.338758650617372,
      "transform_matrix": [
        [
          -0.10236441264217837,
          -0.5668857049550191,
          0.8174118451201504,
          3.0964468773083778
        ],
        [
          0.8318651420955263,
          -0.499366782945567,
          -0.24214293601551676,
          -1.0067187816930858
        ],
        [
          0.5454556924222839,
          0.6551896012707594,
          0.5226898449335668,
          2.1579449483413997
        ],
        [
          0.0,
          0.0,
          0.0,
          1.0
        ]
      ]
    },
    {
      "file_path": "images/0065.jpg",
      "sharpness": 22.102239504279293,
      "transform_matrix": [
        [
          -0.12732776170941046,
          -0.566125997492738,
          0.814425562013853,
          3.0834125021273153
        ],
        [
          0.8341352268489485,
          -0.5053922563422574,
          -0.22090063504699453,
          -0.9241378798888048
        ],
        [
          0.5366619647717512,
          0.6512142675012863,
          0.5365761021290207,
          2.2124188063977575
        ],
        [
          0.0,
          0.0,
          0.0,
          1.0
        ]
      ]
    },
    {
      "file_path": "images/0066.jpg",
      "sharpness": 21.81568667998561,
      "transform_matrix": [
        [
          -0.236282850907065,
          -0.5649520335395238,
          0.7905691710201218,
          2.97978235022445
        ],
        [
          0.8373298312363965,
          -0.5311801900050344,
          -0.12933042748353304,
          -0.5661700385748041
        ],
        [
