{
  "camera_angle_x": 0.5908218985196392,
  "camera_angle_y": 0.44936709194679425,
  "fl_x": 2628.8535003027455,
  "fl_y": 2625.3338402825025,
  "k1": -0.023437742504199884,
  "k2": 6.402783911394382e-05,
  "p1": 0.0012937487147941695,
  "p2": -0.0004182992865912802,
  "cx": 834.7504041407891,
  "cy": 590.5296214678415,
  "w": 1600.0,
  "h": 1200.0,
  "aabb_scale": 2,
  "frames": [
    {
      "file_path": "images/0001.jpg",
      "sharpness": 61.627086777135084,
      "transform_matrix": [
        [
          0.7590327981127939,
          0.4557457743002479,
          -0.4649354800386498,
          -1.664505678316132
        ],
        [
          -0.6245182116675762,
          0.71147617547089,
          -0.3221469464753908,
          -1.2207574070705365
        ],
        [
          0.18397340761873357,
          0.534880772721252,
          0.8246552881993046,
          3.3113316764923173
        ],
        [
          0.0,
          0.0,
          0.0,
          1.0
        ]
      ]
    },
    {
      "file_path": "images/0002.jpg",
      "sharpness": 63.99573698937068,
      "transform_matrix": [
        [
          0.7979507974414414,
          0.4404498665176975,
          -0.41143461199727716,
          -1.4530982827514152
        ],
        [
          -0.5865570472722198,
          0.7245139257630574,
          -0.36198121741503264,
          -1.3725990419358072
        ],
        [
          0.1386555270405828,
          0.5301730722538633,
          0.8364754379961248,
          3.3547168171493045
        ],
        [
          0.0,
          0.0,
          0.0,
          1.0
        ]
      ]
    },
    {
      "file_path": "images/0003.jpg",
      "sharpness": 62.81901241956354,
      "transform_matrix": [
        [
          0.8328643431783738,
          0.4259677768859851,
          -0.3533955841816749,
          -1.2232436215270086
        ],
        [
          -0.5459042383846245,
          0.7374808838759874,
          -0.3976311211685598,
          -1.5076870880526692
        ],
        [
          0.09124444307531943,
          0.5240929297905197,
          0.8467591467733164,
          3.3890982419926723
        ],
        [
          0.0,
          0.0,
          0.0,
          1.0
        ]
      ]
    },
    {
      "file_path": "images/0004.jpg",
      "sharpness": 60.28656897226459,
      "transform_matrix": [
        [
          0.8884195478623889,
          0.394400286349451,
          -0.23485979031264312,
          -0.7551779807220479
        ],
        [
          -0.4590152371190039,
          0.7588818715204361,
          -0.46195596896327185,
          -1.7486056915107226
        ],
        [
          -0.00396472922259667,
          0.5182149354187592,
          0.855241230135646,
          3.413627410655718
        ],
        [
          0.0,
          0.0,
          0.0,
          1.0
        ]
      ]
    },
    {
      "file_path": "images/0005.jpg",
      "sharpness": 60.00225614944009,
      "transform_matrix": [
        [
          0.9011196608892322,
          0.38510815494944733,
          -0.1991860079236161,
          -0.6149666468622762
        ],
        [
          -0.4323700734816943,
          0.7640187684459879,
          -0.47888562424683534,
          -1.8118779772497153
        ],
        [
          -0.03224091072003907,
          0.5176553202084957,
          0.8549815747889502,
          3.4101694673990846
        ],
        [
          0.0,
          0.0,
          0.0,
          1.0
        ]
      ]
    },
    {
      "file_path": "images/0006.jpg",
      "sharpness": 54.27393506736087,
      "transform_matrix": [
        [
          0.921996741289396,
          0.3662972562890781,
          -0.12549234673504184,
          -0.31805359714699527
        ],
        [
          -0.37729860265605786,
          0.7771118812549077,
          -0.5037289832209534,
          -1.904664073399865
        ],
        [
          -0.08699295081276073,
          0.5117845680899006,
          0.8546980650889138,
          3.4002323170493023
        ],
        [
          0.0,
          0.0,
          0.0,
          1.0
        ]
      ]
    },
    {
      "file_path": "images/0007.jpg",
      "sharpness": 57.288533496039236,
      "transform_matrix": [
        [
          0.9442406004093205,
          0.3292008129589757,
          0.006042622612332022,
          0.19199391429116522
        ],
        [
          -0.2727226848487107,
          0.7922645243925833,
          -0.5458381267816269,
          -2.0527830539422602
        ],
        [
          -0.18447771061055912,
          0.5137545602962196,
          0.8378688597600078,
          3.3246137302664596
        ],
        [
          0.0,
          0.0,
          0.0,
          1.0
        ]
      ]
    },
    {
      "file_path": "images/0008.jpg",
      "sharpness": 58.67911601019855,
      "transform_matrix": [
        [
          0.9457020834366442,
          0.32419027732568934,
          0.023414386033441797,
          0.25757543440299013
        ],
        [
          -0.2593354387917787,
          0.7960127381214993,
          -0.5469084484861797,
          -2.057649482107429
        ],
        [
          -0.19594055112441086,
          0.5111402791064601,
          0.8368649327058955,
          3.3206187009154444
        ],
        [
          0.0,
          0.0,
          0.0,
          1.0
        ]
      ]
    },
    {
      "file_path": "images/0009.jpg",
      "sharpness": 58.6309911229489,
      "transform_matrix": [
        [
          0.9475335130846109,
          0.2967194450487938,
          0.11890253367237619,
          0.6304414637448039
        ],
        [
          -0.17911706802394356,
          0.8009333878604036,
          -0.5713342141369909,
          -2.142136450639377
        ],
        [
          -0.2647589800755187,
          0.5200608418546442,
          0.8120587437689593,
          3.219656512731561
        ],
        [
          0.0,
          0.0,
          0.0,
          1.0
        ]
      ]
    },
    {
      "file_path": "images/0010.jpg",
      "sharpness": 57.882523648919275,
      "transform_matrix": [
        [
          0.9362047459171627,
          0.2650734662938482,
          0.2307741995791219,
          1.0647521399064823
        ],
        [
          -0.08674219090843807,
          0.8105838919049931,
          -0.5791627980034019,
          -2.163020689497753
        ],
        [
          -0.3405825392613098,
          0.5221971004728136,
          0.7818655397834816,
          3.0934047627215113
        ],
        [
          0.0,
          0.0,
          0.0,
          1.0
        ]
      ]
    },
    {
      "file_path": "images/0011.jpg",
      "sharpness": 55.14116795189865,
      "transform_matrix": [
        [
          0.9304400749003554,
          0.2540235372093126,
          0.26410851853987843,
          1.1941559780474194
        ],
        [
          -0.05892811385229946,
          0.8150749917354264,
          -0.5763507919105135,
          -2.1502087591694377
        ],
        [
          -0.36167491540064434,
          0.5206964571442172,
          0.7733475642815512,
          3.056916694431573
        ],
        [
          0.0,
          0.0,
          0.0,
          1.0
        ]
      ]
    },
    {
      "file_path": "images/0012.jpg",
      "sharpness": 48.810393029934616,
      "transform_matrix": [
        [
          0.8846768956369157,
          0.20966311164941376,
          0.41639905132211175,
          1.7827763512179844
        ],
        [
          0.07756369810534972,
          0.8145268076273879,
          -0.5749173440444542,
          -2.1278483581348464
        ],
        [
          -0.45970714926604933,
          0.5409135414851705,
          0.7043308012890417,
          2.778232509314374
        ],
        [
          0.0,
          0.0,
          0.0,
          1.0
        ]
      ]
    },
    {
      "file_path": "images/0013.jpg",
      "sharpness": 47.81982512169897,
      "transform_matrix": [
        [
          0.8694947772025488,
          0.19666413703601313,
          0.4531026921390001,
          1.9230596144517795
        ],
        [
          0.11003601182411148,
          0.8171464781818591,
          -0.5658301064696005,
          -2.0876808898107995
        ],
        [
          -0.4815297587339424,
          0.5418439355490234,
          0.6888644576803099,
          2.714884320426901
        ],
        [
          0.0,
          0.0,
          0.0,
          1.0
        ]
      ]
    },
    {
      "file_path": "images/0014.jpg",
      "sharpness": 49.76687170225586,
      "transform_matrix": [
        [
          0.8400638253082677,
          0.17977053936221904,
          0.5118352494583549,
          2.1493873715152922
        ],
        [
          0.16547624684805307,
          0.8136160723500313,
          -0.5573567068165254,
          -2.049111801970006
        ],
        [
          -0.516633701156162,
          0.5529117832744145,
          0.6537416759231455,
          2.576353404357386
        ],
        [
          0.0,
          0.0,
          0.0,
          1.0
        ]
      ]
    },
    {
      "file_path": "images/0015.jpg",
      "sharpness": 47.3011345339559,
      "transform_matrix": [
        [
          0.7818030934385413,
          0.15115911651834968,
          0.604925486804415,
          2.5057543110861134
        ],
        [
          0.2540076907807485,
          0.8088094326059744,
          -0.5303841955058658,
          -1.93292673261834
        ],
        [
          -0.5694418461591343,
          0.5683117307550074,
          0.5939341382863383,
          2.3365428203696488
        ],
        [
          0.0,
          0.0,
          0.0,
          1.0
        ]
      ]
    },
    {
      "file_path": "images/0016.jpg",
      "sharpness": 46.11938571622286,
      "transform_matrix": [
        [
          0.740866007526998,
          0.13286125482057684,
          0.6583809276252979,
          2.7135043262456415
        ],
        [
          0.3062899543670252,
          0.8055500573934968,
          -0.5072233915916642,
          -1.838984186061951
        ],
        [
          -0.5977491303165596,
          0.5774400333312917,
          0.5561105872081238,
          2.1889097654942593
        ],
        [
          0.0,
          0.0,
          0.0,
          1.0
        ]
      ]
    },
    {
      "file_path": "images/0017.jpg",
      "sharpness": 43.8371825556833,
      "transform_matrix": [
        [
          0.6921784917646258,
          0.11170576861003068,
          0.7130292818671122,
          2.9206293194780804
        ],
        [
          0.3603548581506917,
          0.8025000450660484,
          -0.47553975014372485,
          -1.7090661435113332
        ],
        [
          -0.6253265641261964,
          0.5861019527531229,
          0.51521955443278,
          2.024939545113777
        ],
        [
          0.0,
          0.0,
          0.0,
          1.0
        ]
      ]
    },
    {
      "file_path": "images/0018.jpg",
      "sharpness": 44.00385818798177,
      "transform_matrix": [
        [
          0.6336744588431504,
          0.09317351126623104,
          0.767968343755393,
          3.124511315265028
        ],
        [
          0.4158731082935889,
          0.7960448373857991,
          -0.4397296609966361,
          -1.5635897318074763
        ],
        [
          -0.6523083918451694,
          0.5980228371579601,
          0.4656849238044148,
          1.8278864248350306
        ],
        [
          0.0,
          0.0,
          0.0,
          1.0
        ]
      ]
    },
    {
      "file_path": "images/0019.jpg",
      "sharpness": 42.907379891751035,
      "transform_matrix": [
        [
          0.552168542309338,
          0.07514619690991345,
          0.8303390572387866,
          3.363210867427052
        ],
        [
          0.48395485025443435,
          0.7820800971461439,
          -0.3926046671317815,
          -1.3728965956838688
        ],
        [
          -0.6788943981735835,
          0.6186305608604037,
          0.39547266073760456,
          1.5540767833084101
        ],
        [
          0.0,
          0.0,
          0.0,
          1.0
        ]
      ]
    },
    {
      "file_path": "images/0020.jpg",
      "sharpness": 41.256481535709376,
      "transform_matrix": [
        [
          0.4967825313117741,
          0.05867317412987549,
          0.8658894705580099,
          3.495570380816811
        ],
        [
          0.5251361516306524,
          0.7740192771092244,
          -0.35373179247055725,
          -1.2160819871914832
        ],
        [
          -0.6909697091126978,
          0.6304376395753107,
          0.35370785089991214,
          1.3891685576998547
        ],
        [
          0.0,
          0.0,
          0.0,
          1.0
        ]
      ]
    },
    {
      "file_path": "images/0021.jpg",
      "sharpness": 41.984773882571346,
      "transform_matrix": [
        [
          0.42973786069534237,
          0.04972160550539818,
          0.9015836805495072,
          3.6291042010938646
        ],
        [
          0.5674852830974572,
          0.7617762087106269,
          -0.3125019382353227,
          -1.0508172052810214
        ],
        [
          -0.7023430960969854,
          0.6459293845930801,
          0.2991477988836225,
          1.176267623652486
        ],
        [
          0.0,
          0.0,
          0.0,
          1.0
        ]
      ]
    },
    {
      "file_path": "images/0022.jpg",
      "sharpness": 42.362088328722905,
      "transform_matrix": [
        [
          0.3152539893796375,
          0.027742728311974923,
          0.9486017410948976,
          3.795519901287192
        ],
        [
          0.6293759272413365,
          0.7420157386486964,
          -0.23086486501264902,
          -0.7255589969795637
        ],
        [
          -0.7102822428287964,
          0.6698081700871763,
          0.2164628164359263,
          0.8512401987302257
        ],
        [
          0.0,
          0.0,
          0.0,
          1.0
        ]
      ]
    },
    {
      "file_path": "images/0023.jpg",
      "sharpness": 40.54233229064426,
      "transform_matrix": [
        [
          0.27868487844217993,
          0.021697784970346405,
          0.9601374613342026,
          3.83602072534372
        ],
        [
          0.6461438778247196,
          0.7354008923884161,
          -0.20416565997867084,
          -0.6192860522420233
        ],
        [
          -0.7105158884692672,
          0.6772848246444868,
          0.19092521738058982,
          0.7512974669210439
        ],
        [
          0.0,
          0.0,
          0.0,
          1.0
        ]
      ]
    },
    {
      "file_path": "images/0024.jpg",
      "sharpness": 39.91719994339165,
      "transform_matrix": [
        [
          0.198022999044592,
          0.01955163354660671,
          0.9800023599345484,
          3.9072157028081316
        ],
        [
          0.6778172395867355,
          0.71949084548476,
          -0.15131659880269036,
          -0.40960106121417744
        ],
        [
          -0.7080612132156775,
          0.6942266610994581,
          0.12922330072804897,
          0.513107604890954
        ],
        [
          0.0,
          0.0,
          0.0,
          1.0
        ]
      ]
    },
    {
      "file_path": "images/0025.jpg",
      "sharpness": 39.93179630562905,
      "transform_matrix": [
        [
          0.07335084086483339,
          0.00753426858713665,
          0.9972777391196088,
          3.953352507108569
        ],
        [
          0.7179740666612822,
          0.6936451931395753,
          -0.0580481328450198,
          -0.040090322312927
        ],
        [
          -0.6921942601892562,
          0.7202774333012907,
          0.04547004872181265,
          0.18769219875343876
        ],
        [
          0.0,
          0.0,
          0.0,
          1.0
        ]
      ]
    },
    {
      "file_path": "images/0026.jpg",
      "sharpness": 41.56711215239145,
      "transform_matrix": [
        [
          0.05365274415700415,
          0.005031145814069214,
          0.9985469796751978,
          3.9575303521145746
        ],
        [
          0.722221974590002,
          0.6903676450578979,
          -0.042283970569253704,
          0.021201095146579252
        ],
        [
          -0.6895772636595748,
          0.7234412224367984,
          0.03340651457027758,
          0.1410523618605116
        ],
        [
          0.0,
          0.0,
          0.0,
          1.0
        ]
      ]
    },
    {
      "file_path": "images/0027.jpg",
      "sharpness": 42.26438118065724,
      "transform_matrix": [
        [
          -0.04080508925285264,
          -0.0014538947694780068,
          0.9991660677201293,
          3.944908315477072
        ],
        [
          0.7422631613737214,
          0.6693776940404483,
          0.031287410873253325,
          0.3084551166886841
        ],
        [
          -0.6688649669769815,
          0.7429208497564668,
          -0.026234844021291726,
          -0.08990520511493574
        ],
        [
          0.0,
          0.0,
          0.0,
          1.0
        ]
      ]
    },
    {
      "file_path": "images/0028.jpg",
      "sharpness": 41.7424237253448,
      "transform_matrix": [
        [
          -0.1580777870097603,
          -0.007133433929121148,
          0.9874008949645096,
          3.892950974814869
        ],
        [
          0.752994153857621,
          0.6460033915781765,
          0.12521750043947147,
          0.6761801043586424
        ],
        [
          -0.6387575577605548,
          0.7633012067864242,
          -0.09674735249591995,
          -0.3610232582298691
        ],
        [
          0.0,
          0.0,
          0.0,
          1.0
        ]
      ]
    },
    {
      "file_path": "images/0029.jpg",
      "sharpness": 42.08390209725235,
      "transform_matrix": [
        [
          -0.19708354102830417,
          -0.007779278401725399,
          0.9803558337081146,
          3.8619193396868807
        ],
        [
          0.7534631585910032,
          0.6385836938817658,
          0.15653796550664223,
          0.7973369617476774
        ],
        [
          -0.6272570020219818,
          0.7695130595562479,
          -0.11999293595703017,
          -0.450438065583294
        ],
        [
          0.0,
          0.0,
          0.0,
          1.0
        ]
      ]
    },
    {
      "file_path": "images/0030.jpg",
      "sharpness": 40.166471036630874,
      "transform_matrix": [
        [
          -0.340319825943393,
          0.011843351807296018,
          0.9402351573356883,
          3.694548510646417
        ],
        [
          0.7478791640135829,
          0.6095062544120547,
          0.26301878632048814,
          1.21354627089903
        ],
        [
          -0.569964184995883,
          0.7926927910248254,
          -0.21628445846167918,
          -0.8173027255629116
        ],
        [
          0.0,
          0.0,
          0.0,
          1.0
        ]
      ]
    },
    {
      "file_path": "images/0031.jpg",
      "sharpness": 41.93504872972982,
      "transform_matrix": [
        [
          -0.3934513362248176,
          0.01412296442283913,
          0.9192369596034835,
          3.6131455564256716
        ],
        [
          0.7415459337436058,
          0.5959003455398889,
          0.3082408253692819,
          1.3921655515469131
        ],
        [
          -0.5434203476503957,
          0.8029341941613829,
          -0.24493061404966182,
          -0.928030143047864
        ],
        [
          0.0,
          0.0,
          0.0,
          1.0
        ]
      ]
    },
    {
      "file_path": "images/0032.jpg",
      "sharpness": 42.17870608417944,
      "transform_matrix": [
        [
          -0.4434887065518729,
          0.01530951149746806,
          0.8961491985271736,
          3.5163471731395965
        ],
        [
          0.7327086000753653,
          0.5820378079561944,
          0.3526614489502892,
          1.5641407218904224
        ],
        [
          -0.5161936406050383,
          0.8130175945571789,
          -0.2693446053519276,
          -1.0204165592312107
        ],
        [
          0.0,
          0.0,
          0.0,
          1.0
        ]
      ]
    },
    {
      "file_path": "images/0033.jpg",
      "sharpness": 41.96999595897106,
      "transform_matrix": [
        [
          -0.5528306968026309,
          0.018937526615584253,
          0.8330783821229794,
          3.2527387915755384
        ],
        [
          0.7026243620660041,
          0.5480712864335983,
          0.4538026783844847,
          1.950137194131653
        ],
        [
          -0.44799244029003227,
          0.836217217692332,
          -0.3162965987339833,
          -1.195357769450722
        ],
        [
          0.0,
          0.0,
          0.0,
          1.0
        ]
      ]
    },
    {
      "file_path": "images/0034.jpg",
      "sharpness": 40.616956873219394,
      "transform_matrix": [
        [
          -0.611365260285837,
          0.032225151715878926,
          0.7906921386448453,
          3.0863153606957816
        ],
        [
          0.678118403899583,
          0.5363639252544266,
          0.5024631031915844,
          2.1422572469386094
        ],
        [
          -0.40790678941938646,
          0.8433713769005425,
          -0.34976673921809964,
          -1.3226029801197627
        ],
        [
          0.0,
          0.0,
          0.0,
          1.0
        ]
      ]
    },
    {
      "file_path": "images/0035.jpg",
      "sharpness": 39.6354603020562,
      "transform_matrix": [
        [
          -0.6484236518595724,
          0.04078947796214537,
          0.7601861523330399,
          2.9616966711820694
        ],
        [
          0.6612061669001861,
          0.5250728154882428,
          0.5358217458996828,
          2.2699280266022615
        ],
        [
          -0.37729719400467,
          0.8500792651367741,
          -0.36743988688428336,
          -1.3870897497250907
        ],
        [
          0.0,
          0.0,
          0.0,
          1.0
        ]
      ]
    },
    {
      "file_path": "images/0036.jpg",
      "sharpness": 41.36664882492162,
      "transform_matrix": [
        [
          -0.7301542718360943,
          0.06234812199604937,
          0.6804318121643846,
          2.650026858893744
        ],
        [
          0.6117117197727571,
          0.5033423848242308,
          0.6102910908924386,
          2.562747514675494
        ],
        [
          -0.3044396676570304,
          0.8618347610857934,
          -0.4056566694063843,
          -1.5328958779758326
        ],
        [
          0.0,
          0.0,
          0.0,
          1.0
        ]
      ]
    },
    {
      "file_path": "images/0037.jpg",
      "sharpness": 39.32715711718639,
      "transform_matrix": [
        [
          -0.7861610110424242,
          0.07489701103064883,
          0.6134666270121526,
          2.384940088887067
        ],
        [
          0.565486779349387,
          0.48766631461230975,
          0.66513627781386,
          2.7780180455991346
        ],
        [
          -0.24935028999635153,
          0.869811475794573,
          -0.42573751249756364,
          -1.6074074728272343
        ],
        [
          0.0,
          0.0,
          0.0,
          1.0
        ]
      ]
    },
    {
      "file_path": "images/0038.jpg",
      "sharpness": 40.97155740276665,
      "transform_matrix": [
        [
          -0.8295056623637428,
          0.08802080319095085,
          0.5515185348783376,
          2.1462459528294047
        ],
        [
          0.5211443816810206,
          0.47706715989861054,
          0.7076831624951603,
          2.948729648751507
        ],
        [
          -0.20082054069831506,
          0.8744479762940098,
          -0.44160145751770136,
          -1.6701371613784288
        ],
        [
          0.0,
          0.0,
          0.0,
          1.0
        ]
      ]
    },
    {
      "file_path": "images/0039.jpg",
      "sharpness": 42.22286415130099,
      "transform_matrix": [
        [
          -0.8676844986657375,
          0.10224246021626349,
          0.486487502518156,
          1.8823037084055032
        ],
        [
          0.4745160061942175,
          0.46205796953127215,
          0.7492242606514409,
          3.098655143782168
        ],
        [
          -0.14818289595316406,
          0.8809363837498684,
          -0.4494362215325427,
          -1.6909648594880227
        ],
        [
          0.0,
          0.0,
          0.0,
          1.0
        ]
      ]
    },
    {
      "file_path": "images/0040.jpg",
      "sharpness": 40.90356738248264,
      "transform_matrix": [
        [
          -0.9239054421218305,
          0.13248620570784572,
          0.3589514442331196,
          1.3726128452068564
        ],
        [
          0.37923576574369905,
          0.4415958640172915,
          0.8131256526233709,
          3.334240278629192
        ],
        [
          -0.050783540676592645,
          0.8873784414061515,
          -0.45823632965615957,
          -1.7117335972990455
        ],
        [
          0.0,
          0.0,
          0.0,
          1.0
        ]
      ]
    },
    {
      "file_path": "images/0041.jpg",
      "sharpness": 41.413631181093734,
      "transform_matrix": [
        [
          -0.9296903123062583,
          0.1372103699373365,
          0.3418321775195993,
          1.3027137515668719
        ],
        [
          0.3665001036639732,
          0.43727984552891735,
          0.821257578838134,
          3.358591887060074
        ],
        [
          -0.036791265576361955,
          0.8887967434505213,
          -0.4568224509608174,
          -1.7017476620554681
        ],
        [
          0.0,
          0.0,
          0.0,
          1.0
        ]
      ]
    },
    {
      "file_path": "images/0042.jpg",
      "sharpness": 44.71158597704428,
      "transform_matrix": [
        [
          -0.9526360098617506,
          0.16060954576801867,
          0.2582425343066332,
          0.9728366510149511
        ],
        [
          0.3028677504828388,
          0.4242882460437134,
          0.8533760074417285,
          3.4742419557244015
        ],
        [
          0.02749106098969659,
          0.8911700500854773,
          -0.4528357135751542,
          -1.678078783033648
        ],
        [
          0.0,
          0.0,
          0.0,
          1.0
        ]
      ]
    },
    {
      "file_path": "images/0043.jpg",
      "sharpness": 45.81174456769505,
      "transform_matrix": [
        [
          -0.9707476258941571,
          0.19488138718392772,
          0.1402508172966033,
          0.5111700274680003
        ],
        [
          0.21120794327833103,
          0.4152829115497904,
          0.8848340568498915,
          3.5945653847969017
        ],
        [
          0.1141939206723183,
          0.8885726466616483,
          -0.4442953974317176,
          -1.6383509075896643
        ],
        [
          0.0,
          0.0,
          0.0,
          1.0
        ]
      ]
    },
    {
      "file_path": "images/0044.jpg",
      "sharpness": 45.93652476234376,
      "transform_matrix": [
        [
          -0.9719562683910918,
          0.20068818835790692,
          0.12257758111141066,
          0.4404001055492337
        ],
        [
          0.19697667695897347,
          0.4100530769894132,
          0.8905372888746914,
          3.609677134696934
        ],
        [
          0.12845700086477063,
          0.8897082247547596,
          -0.4380845510005723,
          -1.6095050774100355
        ],
        [
          0.0,
          0.0,
          0.0,
          1.0
        ]
      ]
    },
    {
      "file_path": "images/0045.jpg",
      "sharpness": 48.8118327662302,
      "transform_matrix": [
        [
          -0.9729596905286924,
          0.22891340227174742,
          0.030791149197836362,
          0.08221345310175034
        ],
        [
          0.12206628427100973,
          0.3964306650873858,
          0.9099134849606377,
          3.674960695329844
        ],
        [
          0.19608483585997924,
          0.8890677039062004,
          -0.4136536656546534,
          -1.5067182851939058
        ],
        [
          0.0,
          0.0,
          0.0,
          1.0
        ]
      ]
    },
    {
      "file_path": "images/0046.jpg",
      "sharpness": 51.21912661496415,
      "transform_matrix": [
        [
          -0.9620868409738718,
          0.262572479745755,
          -0.0737875552333897,
          -0.3237843760557179
        ],
        [
          0.03385047442055285,
          0.38339967984221457,
          0.9229619878245051,
          3.7089371163944236
        ],
        [
          0.27063454290697286,
          0.8854718394540603,
          -0.37775198981896513,
          -1.3568447271909456
        ],
        [
          0.0,
          0.0,
          0.0,
          1.0
        ]
      ]
    },
    {
      "file_path": "images/0047.jpg",
      "sharpness": 50.964225986640336,
      "transform_matrix": [
        [
          -0.9561040162423543,
          0.27213030342980377,
          -0.1086747812635586,
          -0.4595196617644862
        ],
        [
          0.004024565396674542,
          0.38302898326719026,
          0.9237275577470021,
          3.712066009548823
        ],
        [
          0.29299985155032854,
          0.8827422591114857,
          -0.3673107554415561,
          -1.3150624844662275
        ],
        [
          0.0,
          0.0,
          0.0,
          1.0
        ]
      ]
    },
    {
      "file_path": "images/0048.jpg",
      "sharpness": 49.87224597195938,
      "transform_matrix": [
        [
          -0.9304386995540704,
          0.30330280012052185,
          -0.2056483353042775,
          -0.8352634032356419
        ],
        [
          -0.0805976000503033,
          0.3780721121015415,
          0.9222610828869344,
          3.6953051616427497
        ],
        [
          0.35747426936044663,
          0.8746821648905131,
          -0.32732744654316764,
          -1.1501145363717473
        ],
        [
          0.0,
          0.0,
          0.0,
          1.0
        ]
      ]
    },
    {
      "file_path": "images/0049.jpg",
      "sharpness": 52.785917973398455,
      "transform_matrix": [
        [
          -0.8971796540134068,
          0.32866956927350693,
          -0.2950338669715574,
          -1.1797095235797672
        ],
        [
          -0.1602424643241846,
          0.3802553364273396,
          0.9108941935463274,
          3.6434332517557038
        ],
        [
          0.41157140458933844,
          0.8645126913113313,
          -0.28849052944387704,
          -0.9954598291528077
        ],
        [
          0.0,
          0.0,
          0.0,
          1.0
        ]
      ]
    },
    {
      "file_path": "images/0050.jpg",
      "sharpness": 53.80136442911347,
      "transform_matrix": [
        [
          -0.8796044141702538,
          0.3412036132023824,
          -0.33147574407802965,
          -1.3196370682561833
        ],
        [
          -0.19344731031556714,
          0.3800331689051021,
          0.9045180643603477,
          3.61491365592699
        ],
        [
          0.43459660920372584,
          0.8597411732348414,
          -0.26827393165608343,
          -0.9129929938381077
        ],
        [
          0.0,
          0.0,
          0.0,
          1.0
        ]
      ]
    },
    {
      "file_path": "images/0051.jpg",
      "sharpness": 59.2308556933461,
      "transform_matrix": [
        [
          -0.8116052170635696,
          0.3766623969625239,
          -0.44656736373349254,
          -1.7619077573111002
        ],
        [
          -0.3017854483428326,
          0.38420166295106084,
          0.8725334523356256,
          3.481025235751303
        ],
        [
          0.5002224653528021,
          0.8429202340576702,
          -0.19814884371435862,
          -0.6332605098323649
        ],
        [
          0.0,
          0.0,
          0.0,
          1.0
        ]
      ]
    },
    {
      "file_path": "images/0052.jpg",
      "sharpness": 60.74477579179577,
      "transform_matrix": [
        [
          -0.7694802890396644,
          0.39422001559541514,
          -0.5024844913881672,
          -1.9755527188575
        ],
        [
          -0.3556055475435627,
          0.38907544109507874,
          0.849802915847836,
          3.386065713434275
        ],
        [
          0.5305136938688505,
          0.8325928660055801,
          -0.15919905837363668,
          -0.4770476216585956
        ],
        [
          0.0,
          0.0,
          0.0,
          1.0
        ]
      ]
    },
    {
      "file_path": "images/0053.jpg",
      "sharpness": 58.899225539930555,
      "transform_matrix": [
        [
          -0.7404688575707233,
          0.403583397089269,
          -0.5374256344500442,
          -2.10793900316818
        ],
        [
          -0.3896144464679412,
          0.3937993968135979,
          0.8325398598645575,
          3.3144051584995737
        ],
        [
          0.547637155534955,
          0.8258586299999353,
          -0.13435426761001806,
          -0.3780037678378798
        ],
        [
          0.0,
          0.0,
          0.0,
          1.0
        ]
      ]
    },
    {
      "file_path": "images/0054.jpg",
      "sharpness": 65.41640264515516,
      "transform_matrix": [
        [
          -0.6555306374337656,
          0.4305611372362403,
          -0.6204004275383409,
          -2.4224505809507013
        ],
        [
          -0.47414796453146396,
          0.40475052130093836,
          0.7818955961813953,
          3.10787275373969
        ],
        [
          0.5877612535533381,
          0.8067181184831985,
          -0.06117668040313744,
          -0.08855561667169315
        ],
        [
          0.0,
          0.0,
          0.0,
          1.0
        ]
      ]
    },
    {
      "file_path": "images/0055.jpg",
      "sharpness": 65.70323061166559,
      "transform_matrix": [
        [
          -0.5886287489628655,
          0.4459675237275633,
          -0.6742619399587648,
          -2.629655295366559
        ],
        [
          -0.5307475530130266,
          0.4159355530440259,
          0.7384474597256167,
          2.9376458735956716
        ],
        [
          0.6097730979100293,
          0.7925342791160263,
          -0.008135452295799643,
          0.12161757180199978
        ],
        [
          0.0,
          0.0,
          0.0,
          1.0
        ]
      ]
    },
    {
      "file_path": "images/0056.jpg",
      "sharpness": 66.37963217097979,
      "transform_matrix": [
        [
          -0.5293151170069422,
          0.45930529134871206,
          -0.7133471498851319,
          -2.7758037270135736
        ],
        [
          -0.573998558037066,
          0.4252929682777382,
          0.6997510604461061,
          2.7820440863840967
        ],
        [
          0.6247808914768819,
          0.7798490498496794,
          0.038526577666795,
          0.305320741275762
        ],
        [
          0.0,
          0.0,
          0.0,
          1.0
        ]
      ]
    },
    {
      "file_path": "images/0057.jpg",
      "sharpness": 71.08475794472628,
      "transform_matrix": [
        [
          -0.4697242996394903,
          0.47153606154555705,
          -0.7463329183364045,
          -2.8973600152039767
        ],
        [
          -0.6125282400615141,
          0.4347229941738148,
          0.6601704882485037,
          2.622380036100831
        ],
        [
          0.6357422728869903,
          0.7672481092037606,
          0.08462919992856108,
          0.4874211135854151
        ],
        [
          0.0,
          0.0,
          0.0,
          1.0
        ]
      ]
    },
    {
      "file_path": "images/0058.jpg",
      "sharpness": 72.27306365276665,
      "transform_matrix": [
        [
          -0.348420455692964,
          0.49114543139296096,
          -0.7983604143986405,
          -3.086360857059343
        ],
        [
          -0.6787376127979066,
          0.4552270132288595,
          0.5762669689394851,
          2.2874736056790166
        ],
        [
          0.6464661159841452,
          0.7426604417399794,
          0.17474847424731055,
          0.8404599315490745
        ],
        [
          0.0,
          0.0,
          0.0,
          1.0
        ]
      ]
    },
    {
      "file_path": "images/0059.jpg",
      "sharpness": 76.09723509437386,
      "transform_matrix": [
        [
          -0.30593420180912817,
          0.49634042480974255,
          -0.812434887769682,
          -3.1377618144338286
        ],
        [
          -0.6980981221875658,
          0.4632878121273547,
          0.5459152086386806,
          2.1680145856413264
        ],
        [
          0.6473509682165707,
          0.7341734031620192,
          0.20475873151438023,
          0.957216679106216
        ],
        [
          0.0,
          0.0,
          0.0,
          1.0
        ]
      ]
    },
    {
      "file_path": "images/0060.jpg",
      "sharpness": 70.40029727165687,
      "transform_matrix": [
        [
          -0.22924619541661248,
          0.5069442681782625,
          -0.8309354312162008,
          -3.1981358232029717
        ],
        [
          -0.7294604504907352,
          0.4757352590587606,
          0.4914910116662548,
          1.9493670916494528
        ],
        [
          0.6444638338560857,
          0.718806978489634,
          0.26073529607425433,
          1.1755767656460094
        ],
        [
          0.0,
          0.0,
          0.0,
          1.0
        ]
      ]
    },
    {
      "file_path": "images/0061.jpg",
      "sharpness": 74.48326456636045,
      "transform_matrix": [
        [
          -0.09658285389086882,
          0.5198475020397113,
          -0.848781672139312,
          -3.252199266018404
        ],
        [
          -0.7704297370674588,
          0.5008639179350759,
          0.39442788446490834,
          1.5661744725219722
        ],
        [
          0.6301664642530714,
          0.692021611229727,
          0.3521311077064986,
          1.5283174564063122
        ],
        [
          0.0,
          0.0,
          0.0,
          1.0
        ]
      ]
    },
    {
      "file_path": "images/0062.jpg",
      "sharpness": 74.03838771546198,
      "transform_matrix": [
        [
          -0.07669234521391594,
          0.5183995868866453,
          -0.8516925222776027,
          -3.2610616834847392
        ],
        [
          -0.7755637892779406,
          0.5058054774558775,
          0.3777057423802893,
          1.5007938642140217
        ],
        [
          0.626593243690879,
          0.6895090190612118,
          0.36326053967778965,
          1.573903456621032
        ],
        [
          0.0,
          0.0,
          0.0,
          1.0
        ]
      ]
    },
    {
      "file_path": "images/0063.jpg",
      "sharpness": 74.12916431928141,
      "transform_matrix": [
        [
          0.020128062063358567,
          0.5261474035521373,
          -0.8501551451677263,
          -3.242980495499078
        ],
        [
          -0.7946119053157563,
          0.5244882014778567,
          0.30578431374345777,
          1.2167565806014273
        ],
        [
          0.6067839657892595,
          0.6693885540706904,
          0.4286399218843478,
          1.825282758134787
        ],
        [
          0.0,
          0.0,
