{
  "camera_angle_x": 0.9012536623986434,
  "camera_angle_y": 0.27825383566258455,
  "fl_x": 1653.4788047856948,
  "fl_y": 4284.747658191703,
  "k1": 0.22634492129052924,
  "k2": 0.0509542316065947,
  "p1": 0.0021409986060898535,
  "p2": 0.3033552893451011,
  "cx": 1216.6773600737138,
  "cy": 520.6418586327693,
  "w": 1600.0,
  "h": 1200.0,
  "aabb_scale": 2,
  "frames": [
    {
      "file_path": "./images/0036.jpg",
      "sharpness": 41.36664882492162,
      "transform_matrix": [
        [
          0.3181054727852277,
          -0.03610821104231708,
          0.9473674605382378,
          4.779057924224867
        ],
        [
          0.946548944611552,
          0.06840537787260625,
          -0.3152234124123151,
          -1.2088256207478596
        ],
        [
          -0.05342287562146635,
          0.9970039625701875,
          0.05593831412313393,
          0.09654450955294903
        ],
        [
          0.0,
          0.0,
          0.0,
          1.0
        ]
      ]
    },
    {
      "file_path": "./images/0037.jpg",
      "sharpness": 39.32715711718639,
      "transform_matrix": [
        [
          0.30021690504100274,
          -0.03486868250199894,
          0.953233436738051,
          4.769972121937271
        ],
        [
          0.9524167790138254,
          0.06611759221350201,
          -0.29754116194708413,
          -1.1393485588868055
        ],
        [
          -0.05265063134731281,
          0.9972024062283911,
          0.05305913718011016,
          0.09018009768120099
        ],
        [
          0.0,
          0.0,
          0.0,
          1.0
        ]
      ]
    },
    {
      "file_path": "./images/0038.jpg",
      "sharpness": 40.97155740276665,
      "transform_matrix": [
        [
          0.28264636244693275,
          -0.03405965683720026,
          0.9586193058659463,
          4.75996516456741
        ],
        [
          0.9577718988634365,
          0.0649929792682534,
          -0.2800873120892213,
          -1.0797513269941912
        ],
        [
          -0.052763846938080235,
          0.9973042927959342,
          0.05099141137836299,
          0.08423772389797898
        ],
        [
          0.0,
          0.0,
          0.0,
          1.0
        ]
      ]
    },
    {
      "file_path": "./images/0039.jpg",
      "sharpness": 42.22286415130099,
      "transform_matrix": [
        [
          0.26667512610203575,
          -0.03276163232716536,
          0.9632294911250291,
          4.7506811603983925
        ],
        [
          0.9623655350004038,
          0.06330188902065421,
          -0.2642828936760856,
          -1.0196270344992802
        ],
        [
          -0.0523159073556426,
          0.997456538552386,
          0.04840970505909899,
          0.07823602046947063
        ],
        [
          0.0,
          0.0,
          0.0,
          1.0
        ]
      ]
    },
    {
      "file_path": "./images/0040.jpg",
      "sharpness": 40.90356738248264,
      "transform_matrix": [
        [
          0.22908610985520117,
          -0.0312156830235469,
          0.9729055120678695,
          4.71889982444741
        ],
        [
          0.9720767184287016,
          0.059555708251820126,
          -0.22698011169155985,
          -0.8859767333444807
        ],
        [
          -0.05085673761408872,
          0.9977367883140486,
          0.04398742424012069,
          0.0671943594636182
        ],
        [
          0.0,
          0.0,
          0.0,
          1.0
        ]
      ]
    },
    {
      "file_path": "./images/0041.jpg",
      "sharpness": 41.413631181093734,
      "transform_matrix": [
        [
          0.22390158736157625,
          -0.030919006832834172,
          0.9741211907153532,
          4.713691429243387
        ],
        [
          0.9732944287690679,
          0.0590429950098858,
          -0.22183750735021898,
          -0.867554447704305
        ],
        [
          -0.05065603719689028,
          0.9977764979011927,
          0.043313117398765234,
          0.0656448827168713
        ],
        [
          0.0,
          0.0,
          0.0,
          1.0
        ]
      ]
    },
    {
      "file_path": "./images/0042.jpg",
      "sharpness": 44.71158597704428,
      "transform_matrix": [
        [
          0.19719138751768808,
          -0.02994266591414045,
          0.9799076453697371,
          4.693268338582217
        ],
        [
          0.9791113427452339,
          0.056547518725453993,
          -0.19530324276268765,
          -0.7755864887786804
        ],
        [
          -0.04956344617576931,
          0.9979508078513621,
          0.04046788750672064,
          0.058857428954678485
        ],
        [
          0.0,
          0.0,
          0.0,
          1.0
        ]
      ]
    },
    {
      "file_path": "./images/0043.jpg",
      "sharpness": 45.81174456769505,
      "transform_matrix": [
        [
          0.15924919343042632,
          -0.02804377705676169,
          0.9868400280528798,
          4.667068156797345
        ],
        [
          0.9859963741364585,
          0.05464369815238323,
          -0.15756019942228336,
          -0.6431421099890833
        ],
        [
          -0.04950600551199353,
          0.9981120241875963,
          0.03635302735188086,
          0.04843889673928815
        ],
        [
          0.0,
          0.0,
          0.0,
          1.0
        ]
      ]
    },
    {
      "file_path": "./images/0044.jpg",
      "sharpness": 45.93652476234376,
      "transform_matrix": [
        [
          0.1533102399920955,
          -0.027673941058815685,
          0.9877905260261908,
          4.6592452334748
        ],
        [
          0.9869402722903853,
          0.054305604671834366,
          -0.15165685026601414,
          -0.6207718791848913
        ],
        [
          -0.04944561906953432,
          0.9981407988328795,
          0.035638132209090345,
          0.046668901519917226
        ],
        [
          0.0,
          0.0,
          0.0,
          1.0
        ]
      ]
    },
    {
      "file_path": "./images/0045.jpg",
      "sharpness": 48.8118327662302,
      "transform_matrix": [
        [
          0.12419260669182335,
          -0.02698484968213143,
          0.9918911302849635,
          4.62745039319805
        ],
        [
          0.9913352184197124,
          0.046478668453309405,
          -0.1228585288026456,
          -0.5207689871885117
        ],
        [
          -0.042786460054385925,
          0.9985547312359424,
          0.0325233388444403,
          0.04381513274032411
        ],
        [
          0.0,
          0.0,
          0.0,
          1.0
        ]
      ]
    },
    {
      "file_path": "./images/0046.jpg",
      "sharpness": 51.21912661496415,
      "transform_matrix": [
        [
          0.0921297851191895,
          -0.02609441581395312,
          0.9954050352316287,
          4.586933676266733
        ],
        [
          0.9950167029608763,
          0.040691839190542214,
          -0.09102711163252546,
          -0.4090854695816717
        ],
        [
          -0.0381295623218192,
          0.9988309445015551,
          0.029713309989618977,
          0.03985845191787368
        ],
        [
          0.0,
          0.0,
          0.0,
          1.0
        ]
      ]
    },
    {
      "file_path": "./images/0047.jpg",
      "sharpness": 50.964225986640336,
      "transform_matrix": [
        [
          0.08147993802331925,
          -0.02581363857544023,
          0.9963406424363467,
          4.572287889332658
        ],
        [
          0.9960177722524705,
          0.038406099672109256,
          -0.08045849156679269,
          -0.3719060520510351
        ],
        [
          -0.03618863159915341,
          0.9989287399903574,
          0.028840169408641213,
          0.03893728179694745
        ],
        [
          0.0,
          0.0,
          0.0,
          1.0
        ]
      ]
    },
    {
      "file_path": "./images/0048.jpg",
      "sharpness": 49.87224597195938,
      "transform_matrix": [
        [
          0.047177360923554734,
          -0.023851220518814373,
          0.9986017303726801,
          4.527742493816164
        ],
        [
          0.9983542586250663,
          0.033757698234287536,
          -0.046359379796529925,
          -0.2509462274938281
        ],
        [
          -0.03260476807951579,
          0.9991454033807784,
          0.02540456669191124,
          0.03373916333577962
        ],
        [
          0.0,
          0.0,
          0.0,
          1.0
        ]
      ]
    },
    {
      "file_path": "./images/0049.jpg",
      "sharpness": 52.785917973398455,
      "transform_matrix": [
        [
          0.01930677365330068,
          -0.022726655556019756,
          0.9995552749226015,
          4.4865290325614104
        ],
        [
          0.9994387258192364,
          0.02781339019622969,
          -0.018672135887868247,
          -0.15539717715136966
        ],
        [
          -0.02737666568330318,
          0.9993547490557523,
          0.023250886500090513,
          0.031748761779148246
        ],
        [
          0.0,
          0.0,
          0.0,
          1.0
        ]
      ]
    },
    {
      "file_path": "./images/0050.jpg",
      "sharpness": 53.80136442911347,
      "transform_matrix": [
        [
          0.004394056564619624,
          -0.022169732590826496,
          0.9997445649919872,
          4.458865929908271
        ],
        [
          0.999682832060586,
          0.02488926327221924,
          -0.0038418559440193895,
          -0.10672387132394963
        ],
        [
          -0.024797732764124482,
          0.9994443594006991,
          0.022272065893093065,
          0.03150110527315928
        ],
        [
          0.0,
          0.0,
          0.0,
          1.0
        ]
      ]
    },
    {
      "file_path": "./images/0051.jpg",
      "sharpness": 59.2308556933461,
      "transform_matrix": [
        [
          -0.041796531173200875,
          -0.020099673048945384,
          0.9989239476218761,
          4.390243560075663
        ],
        [
          0.9989497550716321,
          0.01794523490381853,
          0.042158692894523904,
          0.049779319473236425
        ],
        [
          -0.018773300834475107,
          0.9996369199338482,
          0.019328514899195938,
          0.029815325753417114
        ],
        [
          0.0,
          0.0,
          0.0,
          1.0
        ]
      ]
    },
    {
      "file_path": "./images/0052.jpg",
      "sharpness": 60.74477579179577,
      "transform_matrix": [
        [
          -0.06690380326776708,
          -0.018580202659483527,
          0.9975864158982416,
          4.348480142499688
        ],
        [
          0.997618703049735,
          0.01554623611957118,
          0.06719551970094786,
          0.13622549580929552
        ],
        [
          -0.01675722034508373,
          0.999706502238985,
          0.017495855356657077,
          0.02750832869499185
        ],
        [
          0.0,
          0.0,
          0.0,
          1.0
        ]
      ]
    },
    {
      "file_path": "./images/0053.jpg",
      "sharpness": 58.899225539930555,
      "transform_matrix": [
        [
          -0.08192177888686454,
          -0.017536522508572044,
          0.9964844667778708,
          4.321855474042771
        ],
        [
          0.9965228186050644,
          0.013809388104101523,
          0.08216795482187703,
          0.1874713565127769
        ],
        [
          -0.01520178093066145,
          0.999750854556152,
          0.01634425519994619,
          0.026318547844451708
        ],
        [
          0.0,
          0.0,
          0.0,
          1.0
        ]
      ]
    },
    {
      "file_path": "./images/0054.jpg",
      "sharpness": 65.41640264515516,
      "transform_matrix": [
        [
          -0.1191516114436791,
          -0.014802944047411167,
          0.9927657157381912,
          4.246290298231933
        ],
        [
          0.9928445986697912,
          0.006184908813947513,
          0.11925330098234507,
          0.31597923024217
        ],
        [
          -0.007905465367364776,
          0.999871301597237,
          0.01396008119006918,
          0.027310927191797504
        ],
        [
          0.0,
          0.0,
          0.0,
          1.0
        ]
      ]
    },
    {
      "file_path": "./images/0055.jpg",
      "sharpness": 65.70323061166559,
      "transform_matrix": [
        [
          -0.1442389481943392,
          -0.012872098638036872,
          0.9894591628297263,
          4.190584211814223
        ],
        [
          0.9895378056102759,
          0.0013282648976238637,
          0.14426769208787993,
          0.405949414065387
        ],
        [
          -0.003171291836456133,
          0.9999162688926887,
          0.01254584070812523,
          0.02884722072807246
        ],
        [
          0.0,
          0.0,
          0.0,
          1.0
        ]
      ]
    },
    {
      "file_path": "./images/0056.jpg",
      "sharpness": 66.37963217097979,
      "transform_matrix": [
        [
          -0.1655495017313177,
          -0.01085209901135727,
          0.986141771973391,
          4.142721167578323
        ],
        [
          0.9862014690040378,
          -0.001661344709105216,
          0.16554124098857426,
          0.4823333674438709
        ],
        [
          -0.00015814852237531305,
          0.9999397341280456,
          0.010977390775574055,
          0.028340495118983088
        ],
        [
          0.0,
          0.0,
          0.0,
          1.0
        ]
      ]
    },
    {
      "file_path": "./images/0057.jpg",
      "sharpness": 71.08475794472628,
      "transform_matrix": [
        [
          -0.18640560624249797,
          -0.008591525809795898,
          0.9824353086350702,
          4.090999705425307
        ],
        [
          0.982468961960758,
          -0.004452290723732735,
          0.18637305570029156,
          0.5586431362658679
        ],
        [
          0.0027728586930038596,
          0.999953180303374,
          0.009270839395534405,
          0.027821283249385254
        ],
        [
          0.0,
          0.0,
          0.0,
          1.0
        ]
      ]
    },
    {
      "file_path": "./images/0058.jpg",
      "sharpness": 72.27306365276665,
      "transform_matrix": [
        [
          -0.22496039136380222,
          -0.004688810750635517,
          0.9743566274103383,
          3.9884474498414613
        ],
        [
          0.9743314086400392,
          -0.009738034469602856,
          0.22490770734278437,
          0.6994530788023336
        ],
        [
          0.008433768747318245,
          0.999941591167041,
          0.006759127628909244,
          0.028554115780191392
        ],
        [
          0.0,
          0.0,
          0.0,
          1.0
        ]
      ]
    },
    {
      "file_path": "./images/0059.jpg",
      "sharpness": 76.09723509437386,
      "transform_matrix": [
        [
          -0.2387307674907614,
          -0.003380063239340136,
          0.97107991217666,
          3.9510033493316263
        ],
        [
          0.9710290432779388,
          -0.011641895347236433,
          0.23867773960605615,
          0.7475949220427309
        ],
        [
          0.010498464857673011,
          0.9999265180264408,
          0.006061418184808199,
          0.029047913202749156
        ],
        [
          0.0,
          0.0,
          0.0,
          1.0
        ]
      ]
    },
    {
      "file_path": "./images/0060.jpg",
      "sharpness": 70.40029727165687,
      "transform_matrix": [
        [
          -0.2651574468507445,
          -0.0009429676823032269,
          0.9642046666547534,
          3.8723098838707184
        ],
        [
          0.9641037805530346,
          -0.014757838542358114,
          0.2651152702597602,
          0.8419690413597156
        ],
        [
          0.013979581660339056,
          0.9998906525319492,
          0.004822269496374994,
          0.030938307435645265
        ],
        [
          0.0,
          0.0,
          0.0,
          1.0
        ]
      ]
    },
    {
      "file_path": "./images/0061.jpg",
      "sharpness": 74.48326456636045,
      "transform_matrix": [
        [
          -0.306708689740707,
          0.0032768839881972085,
          0.9517977945320772,
          3.7424295586493206
        ],
        [
          0.9515922663765496,
          -0.02000775724160848,
          0.30671134348521306,
          0.9892270009736668
        ],
        [
          0.02004839670656132,
          0.9997944547199425,
          0.003018295547242209,
          0.03421257046234373
        ],
        [
          0.0,
          0.0,
          0.0,
          1.0
        ]
      ]
    },
    {
      "file_path": "./images/0062.jpg",
      "sharpness": 74.03838771546198,
      "transform_matrix": [
        [
          -0.31253667488156195,
          0.003941769564078756,
          0.9498975151635781,
          3.717931414002879
        ],
        [
          0.9496834402250904,
          -0.020334051875470695,
          0.31255061941478296,
          1.0112691204518478
        ],
        [
          0.02054726786856008,
          0.9997854713858806,
          0.0026117036798398593,
          0.03480803871486887
        ],
        [
          0.0,
          0.0,
          0.0,
          1.0
        ]
      ]
    },
    {
      "file_path": "./images/0063.jpg",
      "sharpness": 74.12916431928141,
      "transform_matrix": [
        [
          -0.3481676838761757,
          0.007491286813409326,
          0.9374023386643742,
          3.6006580146459726
        ],
        [
          0.9370845219094122,
          -0.024453532334810228,
          0.34824506249789133,
          1.1345290811784756
        ],
        [
          0.025531602043781392,
          0.9996728991952749,
          0.0014939607935720107,
          0.03899033715770775
        ],
        [
          0.0,
          0.0,
          0.0,
          1.0
        ]
      ]
    },
    {
      "file_path": "./images/0064.jpg",
      "sharpness": 71.87139629661209,
      "transform_matrix": [
        [
          -0.38936955317137023,
          0.011546472437884535,
          0.9210092453632743,
          3.4550979296887334
        ],
        [
          0.9205621704976878,
          -0.028698736832653154,
          0.38954033520650694,
          1.2755408010701055
        ],
        [
          0.03092961869702734,
          0.9995214162216366,
          0.0005451686081021053,
          0.04468126739244204
        ],
        [
          0.0,
          0.0,
          0.0,
          1.0
        ]
      ]
    },
    {
      "file_path": "./images/0065.jpg",
      "sharpness": 70.20556236300753,
      "transform_matrix": [
        [
          -0.39847768467684963,
          0.012642061293128396,
          0.9170908968625179,
          3.419481958281109
        ],
        [
          0.9166151615465108,
          -0.02953627801566987,
          0.3986781332153125,
          1.3061941223049645
        ],
        [
          0.03212756509170938,
          0.9994837600353976,
          0.00018164262317402387,
          0.045880916427037344
        ],
        [
          0.0,
          0.0,
          0.0,
          1.0
        ]
      ]
    },
    {
      "file_path": "./images/0066.jpg",
      "sharpness": 67.34090137786868,
      "transform_matrix": [
        [
          -0.4418449683779556,
          0.017369421357199887,
          0.8969232559857386,
          3.248775218612186
        ],
        [
          0.8962842402381538,
          -0.033856436149447854,
          0.44218582341813667,
          1.4482164463884062
        ],
        [
          0.03804713683236605,
          0.9992757602084755,
          -0.0006086426646712691,
          0.053983986036549664
        ],
        [
          0.0,
          0.0,
          0.0,
          1.0
        ]
      ]
    },
    {
      "file_path": "./images/0067.jpg",
      "sharpness": 69.26121456367079,
      "transform_matrix": [
        [
          -0.47651781678980626,
          0.02096655995649774,
          0.8789147704144735,
          3.1084479600308614
        ],
        [
          0.8781159439420801,
          -0.03746828829158747,
          0.47697852820353437,
          1.5607531723061567
        ],
        [
          0.04293203091116539,
          0.999077840182305,
          -0.0005567636518599804,
          0.062231618030495185
        ],
        [
          0.0,
          0.0,
          0.0,
          1.0
        ]
      ]
    },
    {
      "file_path": "./images/0068.jpg",
      "sharpness": 70.31551822127575,
      "transform_matrix": [
        [
          -0.49240409716334954,
          0.022802136922369425,
          0.8700679672622016,
          3.03570036855658
        ],
        [
          0.8692052055089942,
          -0.038744401966004406,
          0.4929312143011087,
          1.610292094752056
        ],
        [
          0.04495014810315486,
          0.9989889558325058,
          -0.0007418338394480969,
          0.06574936199972692
        ],
        [
          0.0,
          0.0,
          0.0,
          1.0
        ]
      ]
    },
    {
      "file_path": "./images/0069.jpg",
      "sharpness": 67.39948942954396,
      "transform_matrix": [
        [
          -0.5345289595830222,
          0.02770797224038309,
          0.8446958385411151,
          2.8362029164573146
        ],
        [
          0.8436400096975482,
          -0.04222841320903371,
          0.535246013675366,
          1.741476690417506
        ],
        [
          0.0505007465945582,
          0.9987237002291579,
          -0.000803244192109492,
          0.07695243128287177
        ],
        [
          0.0,
          0.0,
          0.0,
          1.0
        ]
      ]
    },
    {
      "file_path": "./images/0070.jpg",
      "sharpness": 63.26932388738905,
      "transform_matrix": [
        [
          -0.5670692856973011,
          0.031539854321402196,
          0.8230660136437398,
          2.672208998577594
        ],
        [
          0.8217758901383374,
          -0.046066156971851055,
          0.5679456801219547,
          1.8411227566361938
        ],
        [
          0.055828412196224426,
          0.9984403571463218,
          0.0002040108690434866,
          0.09054813660304434
        ],
        [
          0.0,
          0.0,
          0.0,
          1.0
        ]
      ]
    },
    {
      "file_path": "./images/0071.jpg",
      "sharpness": 64.8305939127604,
      "transform_matrix": [
        [
          -0.581424309804005,
          0.03330358848117856,
          0.8129185955373834,
          2.6010870654731257
        ],
        [
          0.8115009389008419,
          -0.04799629244225841,
          0.5823766668358641,
          1.8863102996397203
        ],
        [
          0.058412311496504325,
          0.9982921550895396,
          0.0008803178851475808,
          0.09710262508644742
        ],
        [
          0.0,
          0.0,
          0.0,
          1.0
        ]
      ]
    },
    {
      "file_path": "./images/0072.jpg",
      "sharpness": 65.14270688909907,
      "transform_matrix": [
        [
          -0.6148874359607844,
          0.038422350514702004,
          0.7876783379564003,
          2.411722003994168
        ],
        [
          0.7860050201383818,
          -0.05133355068890235,
          0.6160852009997752,
          1.9851255661155682
        ],
        [
          0.06410576742776926,
          0.9979421774641241,
          0.001364194971789749,
          0.11053986072224671
        ],
        [
          0.0,
          0.0,
          0.0,
          1.0
        ]
      ]
    },
    {
      "file_path": "./images/0073.jpg",
      "sharpness": 62.02276957844377,
      "transform_matrix": [
        [
          -0.6508960690100859,
          0.04320547005612421,
          0.7579364054534562,
          2.200006262474691
        ],
        [
          0.7559667067872259,
          -0.054685780794662686,
          0.6523218558412374,
          2.0866557372099606
        ],
        [
          0.06963221653442632,
          0.9975684200812224,
          0.002932862836470832,
          0.12800635310670846
        ],
        [
          0.0,
          0.0,
          0.0,
          1.0
        ]
      ]
    },
    {
      "file_path": "./images/0074.jpg",
      "sharpness": 61.87975506816382,
      "transform_matrix": [
        [
          -0.6757227099317963,
          0.04666227573273114,
          0.7356775457448267,
          2.04082989773479
        ],
        [
          0.7335749802314776,
          -0.0556842731580182,
          0.6773234161766831,
          2.1504971698620445
        ],
        [
          0.07257112141934717,
          0.9973574553556732,
          0.003396849960724372,
          0.1375581810390814
        ],
        [
          0.0,
          0.0,
          0.0,
          1.0
        ]
      ]
    },
    {
      "file_path": "./images/0075.jpg",
      "sharpness": 62.21488663162736,
      "transform_matrix": [
        [
          -0.697550216090681,
          0.04994596272155035,
          0.7147930447667502,
          1.8944365033897903
        ],
        [
          0.7124775880090664,
          -0.05767464669403206,
          0.6993206143919276,
          2.2086840710728888
        ],
        [
          0.07615367765310471,
          0.9970852701468277,
          0.0046455832137347565,
          0.15019801621841222
        ],
        [
          0.0,
          0.0,
          0.0,
          1.0
        ]
      ]
    },
    {
      "file_path": "./images/0076.jpg",
      "sharpness": 59.57483881953016,
      "transform_matrix": [
        [
          -0.7393791531196293,
          0.0556826747023656,
          0.6709827923854308,
          1.5964619891785212
        ],
        [
          0.6683464011889816,
          -0.059836145875029056,
          0.7414396291435741,
          2.3035839718401876
        ],
        [
          0.08143436592585326,
          0.9966539396360438,
          0.007026283617118725,
          0.1723025556979363
        ],
        [
          0.0,
          0.0,
          0.0,
          1.0
        ]
      ]
    },
    {
      "file_path": "./images/0077.jpg",
      "sharpness": 58.80746845206598,
      "transform_matrix": [
        [
          -0.7584125432446235,
          0.05839958311454406,
          0.6491532199323433,
          1.45608260570602
        ],
        [
          0.6462797930477778,
          -0.0616760460493559,
          0.7606040326226525,
          2.3486006154002883
        ],
        [
          0.08445616230603888,
          0.9963862474176357,
          0.009033416452220439,
          0.1865081227577274
        ],
        [
          0.0,
          0.0,
          0.0,
          1.0
        ]
      ]
    },
    {
      "file_path": "./images/0078.jpg",
      "sharpness": 57.94636523697481,
      "transform_matrix": [
        [
          -0.7732804646992317,
          0.06067434837523369,
          0.6311544552413779,
          1.331277794498396
        ],
        [
          0.6282450040614694,
          -0.06123216272439519,
          0.7756022415645143,
          2.374509575847886
        ],
        [
          0.08570611291286456,
          0.9962776950753072,
          0.009231279004633575,
          0.19257443806904245
        ],
        [
          0.0,
          0.0,
          0.0,
          1.0
        ]
      ]
    }
  ]
}