{
  "camera_angle_x": 2.115191295899779,
  "camera_angle_y": 0.37988540136100274,
  "fl_x": 450.8547047170622,
  "fl_y": 3120.7671415499453,
  "k1": 0.08228394352395567,
  "k2": 0.005744426914093416,
  "p1": 0.000287770127203468,
  "p2": 0.1791389804650791,
  "cx": 903.4814910419067,
  "cy": 551.0013220196123,
  "w": 1600.0,
  "h": 1200.0,
  "aabb_scale": 8,
  "frames": [
    {
      "file_path": "./images/0001.jpg",
      "sharpness": 61.627086777135084,
      "transform_matrix": [
        [
          -0.055626919711903304,
          -0.0028520354082887853,
          0.9984475507997816,
          3.9972532093356565
        ],
        [
          0.9983847503738569,
          -0.01173253737904285,
          0.05558990724566474,
          -0.27857018276143874
        ],
        [
          0.011555778826964078,
          0.9999271040737753,
          0.003500073573962771,
          0.01060676344653287
        ],
        [
          0.0,
          0.0,
          0.0,
          1.0
        ]
      ]
    },
    {
      "file_path": "./images/0048.jpg",
      "sharpness": 49.87224597195938,
      "transform_matrix": [
        [
          0.31586824715221923,
          -0.01568658404317585,
          0.9486733797902882,
          4.233490721788723
        ],
        [
          0.9480622276920092,
          0.04472238641625942,
          -0.314925261890659,
          -1.255153941728268
        ],
        [
          -0.037486835885833084,
          0.9988762882534441,
          0.028998239618619345,
          0.02211862975986421
        ],
        [
          0.0,
          0.0,
          0.0,
          1.0
        ]
      ]
    },
    {
      "file_path": "./images/0002.jpg",
      "sharpness": 63.99573698937068,
      "transform_matrix": [
        [
          -0.06852554560641212,
          -0.0016788255740834523,
          0.997647949501588,
          3.977913365314628
        ],
        [
          0.9975603006046674,
          -0.013476968717301667,
          0.06849684643630773,
          -0.23243895344051715
        ],
        [
          0.013330275948771708,
          0.9999077721768004,
          0.002598246378819187,
          0.011010470795696621
        ],
        [
          0.0,
          0.0,
          0.0,
          1.0
        ]
      ]
    },
    {
      "file_path": "./images/0049.jpg",
      "sharpness": 52.785917973398455,
      "transform_matrix": [
        [
          0.29975481742011534,
          -0.01618862218489771,
          0.9538789115741448,
          4.232654299958485
        ],
        [
          0.9533653704333742,
          0.04201127660853086,
          -0.29888044950474363,
          -1.2264082928432187
        ],
        [
          -0.03523520812970104,
          0.9989859764532049,
          0.028026754335487125,
          0.021089460258460507
        ],
        [
          0.0,
          0.0,
          0.0,
          1.0
        ]
      ]
    },
    {
      "file_path": "./images/0003.jpg",
      "sharpness": 62.81901241956354,
      "transform_matrix": [
        [
          -0.07966473740153153,
          -0.0011171169701107788,
          0.9968210880920947,
          3.9575147507406063
        ],
        [
          0.9967012679172459,
          -0.015634216845618946,
          0.07963764057139813,
          -0.1862209837808353
        ],
        [
          0.01549555248777573,
          0.9998771541114374,
          0.0023589276800061684,
          0.01223081598339643
        ],
        [
          0.0,
          0.0,
          0.0,
          1.0
        ]
      ]
    },
    {
      "file_path": "./images/0050.jpg",
      "sharpness": 53.80136442911347,
      "transform_matrix": [
        [
          0.2894429089656071,
          -0.016069386356696143,
          0.9570603832947708,
          4.231403462375363
        ],
        [
          0.9565667310246478,
          0.04108456833219237,
          -0.2886037895485385,
          -1.2103212798339071
        ],
        [
          -0.03468272691724613,
          0.9990264426269023,
          0.027263077348462974,
          0.020524214222374087
        ],
        [
          0.0,
          0.0,
          0.0,
          1.0
        ]
      ]
    },
    {
      "file_path": "./images/0004.jpg",
      "sharpness": 60.28656897226459,
      "transform_matrix": [
        [
          -0.10072737954251196,
          0.0011350464545326045,
          0.994913416675407,
          3.9150547774717253
        ],
        [
          0.9947300187040327,
          -0.01911887409632792,
          0.10073062365717919,
          -0.0928277607638207
        ],
        [
          0.019135958287409483,
          0.9998165733390911,
          0.0007967293065792093,
          0.014177261949662769
        ],
        [
          0.0,
          0.0,
          0.0,
          1.0
        ]
      ]
    },
    {
      "file_path": "./images/0051.jpg",
      "sharpness": 59.2308556933461,
      "transform_matrix": [
        [
          0.2576497422583812,
          -0.016008042652270203,
          0.9661057669247816,
          4.228337368943447
        ],
        [
          0.965679580513827,
          0.03826612905212563,
          -0.25690202635636405,
          -1.1603872554343835
        ],
        [
          -0.032856629359779156,
          0.999139352612285,
          0.025317898200797908,
          0.01879846779564578
        ],
        [
          0.0,
          0.0,
          0.0,
          1.0
        ]
      ]
    },
    {
      "file_path": "./images/0005.jpg",
      "sharpness": 60.00225614944009,
      "transform_matrix": [
        [
          -0.10709526911934546,
          0.0015386455467632108,
          0.9942475727417308,
          3.9024285026433887
        ],
        [
          0.9940401685990823,
          -0.02031740573424979,
          0.1071043707592683,
          -0.06410888321402022
        ],
        [
          0.020365326998794404,
          0.9997923962477404,
          0.0006464225561977333,
          0.015201147783180085
        ],
        [
          0.0,
          0.0,
          0.0,
          1.0
        ]
      ]
    },
    {
      "file_path": "./images/0006.jpg",
      "sharpness": 54.27393506736087,
      "transform_matrix": [
        [
          -0.1130067870868565,
          0.003363505357779924,
          0.9935885229332619,
          3.8660989395585785
        ],
        [
          0.9933397461053673,
          -0.022248268964510355,
          0.1130538072574634,
          0.0028035927597767065
        ],
        [
          0.022485881784697674,
          0.999746818629836,
          -0.000826898164197565,
          0.01627196339168546
        ],
        [
          0.0,
          0.0,
          0.0,
          1.0
        ]
      ]
    },
    {
      "file_path": "./images/0007.jpg",
      "sharpness": 57.288533496039236,
      "transform_matrix": [
        [
          -0.1341438859214112,
          0.005401956037558107,
          0.9909471412449601,
          3.8201741647105196
        ],
        [
          0.9905859143417818,
          -0.026811588665107782,
          0.1342411450372437,
          0.10066467586256787
        ],
        [
          0.027294031903846976,
          0.9996259088203489,
          -0.0017544908694345342,
          0.02064458102914853
        ],
        [
          0.0,
          0.0,
          0.0,
          1.0
        ]
      ]
    },
    {
      "file_path": "./images/0008.jpg",
      "sharpness": 58.67911601019855,
      "transform_matrix": [
        [
          -0.1402188107890388,
          0.005217534231256123,
          0.9901067934511614,
          3.8150270629642504
        ],
        [
          0.9897257489812347,
          -0.02749755928584225,
          0.1403097503271114,
          0.11516661015803367
        ],
        [
          0.027957591177549188,
          0.9996082540528337,
          -0.001308252912203254,
          0.0215132805114826
        ],
        [
          0.0,
          0.0,
          0.0,
          1.0
        ]
      ]
    },
    {
      "file_path": "./images/0009.jpg",
      "sharpness": 58.6309911229489,
      "transform_matrix": [
        [
          -0.1514885793616787,
          0.007574320895797802,
          0.9884299873975064,
          3.77081133622811
        ],
        [
          0.9879819781267566,
          -0.02990273030132258,
          0.15164906072003317,
          0.19492583121095752
        ],
        [
          0.03070539398432717,
          0.9995241149588044,
          -0.0029533704092143086,
          0.023984486112953937
        ],
        [
          0.0,
          0.0,
          0.0,
          1.0
        ]
      ]
    },
    {
      "file_path": "./images/0010.jpg",
      "sharpness": 57.882523648919275,
      "transform_matrix": [
        [
          -0.1673696284114225,
          0.0096944269297004,
          0.9858465527518033,
          3.7142277833413218
        ],
        [
          0.9853219173129658,
          -0.032421696945566306,
          0.16759938194955043,
          0.29511013238754963
        ],
        [
          0.033587598129923055,
          0.9994272618126652,
          -0.004125723959375617,
          0.02762049178739845
        ],
        [
          0.0,
          0.0,
          0.0,
          1.0
        ]
      ]
    },
    {
      "file_path": "./images/0011.jpg",
      "sharpness": 55.14116795189865,
      "transform_matrix": [
        [
          -0.17071286069258362,
          0.010342075278772333,
          0.985266542958691,
          3.695329958204805
        ],
        [
          0.984725578770884,
          -0.03296153495531394,
          0.1709651184532628,
          0.32563001870873587
        ],
        [
          0.03424403172112208,
          0.9994031112083878,
          -0.004557148139540852,
          0.028535553766495716
        ],
        [
          0.0,
          0.0,
          0.0,
          1.0
        ]
      ]
    },
    {
      "file_path": "./images/0012.jpg",
      "sharpness": 48.810393029934616,
      "transform_matrix": [
        [
          -0.18182204115573888,
          0.013410676123216154,
          0.9832400007712087,
          3.6120284746228077
        ],
        [
          0.9825053911408943,
          -0.03849933619221366,
          0.18221129902351876,
          0.47193003183445636
        ],
        [
          0.04029766406451805,
          0.9991686318531843,
          -0.006176033700294996,
          0.03626134146884108
        ],
        [
          0.0,
          0.0,
          0.0,
          1.0
        ]
      ]
    },
    {
      "file_path": "./images/0013.jpg",
      "sharpness": 47.81982512169897,
      "transform_matrix": [
        [
          -0.18791630717702393,
          0.014479307924195453,
          0.9820783121216322,
          3.5890677558941
        ],
        [
          0.9813140938781799,
          -0.039331188409703614,
          0.18834995825411743,
          0.5131146715032138
        ],
        [
          0.04135348417021035,
          0.9991213175891122,
          -0.006817777252779689,
          0.03835172936327766
        ],
        [
          0.0,
          0.0,
          0.0,
          1.0
        ]
      ]
    },
    {
      "file_path": "./images/0014.jpg",
      "sharpness": 49.76687170225586,
      "transform_matrix": [
        [
          -0.19264408104776123,
          0.015837965460198743,
          0.9811408751489423,
          3.551273797613894
        ],
        [
          0.9802736606062954,
          -0.04191056330301216,
          0.19315034301071907,
          0.5790768789851132
        ],
        [
          0.04417927521833181,
          0.9989958275860779,
          -0.007451718424522238,
          0.04231936135005537
        ],
        [
          0.0,
          0.0,
          0.0,
          1.0
        ]
      ]
    },
    {
      "file_path": "./images/0015.jpg",
      "sharpness": 47.3011345339559,
      "transform_matrix": [
        [
          -0.19693744245527206,
          0.017717100924994383,
          0.9802559604994386,
          3.48273775922301
        ],
        [
          0.9792320926196868,
          -0.045567541427190765,
          0.19755532883714141,
          0.6938660965637667
        ],
        [
          0.04816796178858691,
          0.9988041367073832,
          -0.008375198746290785,
          0.05002280254939291
        ],
        [
          0.0,
          0.0,
          0.0,
          1.0
        ]
      ]
    },
    {
      "file_path": "./images/0016.jpg",
      "sharpness": 46.11938571622286,
      "transform_matrix": [
        [
          -0.2054540455524513,
          0.019011382740565862,
          0.9784820910436277,
          3.4349531183522646
        ],
        [
          0.9772823357934136,
          -0.04917603536454507,
          0.20615759431074834,
          0.7795305392436741
        ],
        [
          0.052037210843051386,
          0.9986091752396445,
          -0.008476073121486544,
          0.05740514059386148
        ],
        [
          0.0,
          0.0,
          0.0,
          1.0
        ]
      ]
    },
    {
      "file_path": "./images/0017.jpg",
      "sharpness": 43.8371825556833,
      "transform_matrix": [
        [
          -0.207873716223411,
          0.021033675347995866,
          0.9779294977683777,
          3.382397827269742
        ],
        [
          0.9766780112556476,
          -0.05046982445367187,
          0.20869321778469227,
          0.8614342244529164
        ],
        [
          0.05374551547064932,
          0.9985040717601789,
          -0.010051778241949548,
          0.061719492388130716
        ],
        [
          0.0,
          0.0,
          0.0,
          1.0
        ]
      ]
    },
    {
      "file_path": "./images/0018.jpg",
      "sharpness": 44.00385818798177,
      "transform_matrix": [
        [
          -0.21332296193163647,
          0.02273773206345109,
          0.9767171082017615,
          3.3243686925114
        ],
        [
          0.975422476322714,
          -0.05150306246718948,
          0.21423918231958905,
          0.9509432419143166
        ],
        [
          0.05517523536156362,
          0.9984139572831489,
          -0.011192109081242836,
          0.06625836178970188
        ],
        [
          0.0,
          0.0,
          0.0,
          1.0
        ]
      ]
    },
    {
      "file_path": "./images/0019.jpg",
      "sharpness": 42.907379891751035,
      "transform_matrix": [
        [
          -0.2278176324795631,
          0.024801121415863662,
          0.9733879137880281,
          3.224767107631252
        ],
        [
          0.9720618037907359,
          -0.05223885763460878,
          0.2288382646414986,
          1.0948466414430127
        ],
        [
          0.056524118237590966,
          0.9983266029362496,
          -0.012207289949783916,
          0.07419884324435004
        ],
        [
          0.0,
          0.0,
          0.0,
          1.0
        ]
      ]
    },
    {
      "file_path": "./images/0020.jpg",
      "sharpness": 41.256481535709376,
      "transform_matrix": [
        [
          -0.24349644898994152,
          0.025718991059876007,
          0.9695607318929732,
          3.1436260202451414
        ],
        [
          0.9681735435099076,
          -0.05320427545756166,
          0.2445593889436785,
          1.2041046444983086
        ],
        [
          0.05787459699032002,
          0.9982523922198152,
          -0.011945394564940781,
          0.08214303656404805
        ],
        [
          0.0,
          0.0,
          0.0,
          1.0
        ]
      ]
    },
    {
      "file_path": "./images/0021.jpg",
      "sharpness": 41.984773882571346,
      "transform_matrix": [
        [
          -0.25971247735007297,
          0.027094061859437194,
          0.9653058276636125,
          3.059496487406068
        ],
        [
          0.9638526058897432,
          -0.05429390651518595,
          0.26084540600683775,
          1.3275482903654563
        ],
        [
          0.05947758593183164,
          0.99815734407355,
          -0.012013877161284185,
          0.09053269470223824
        ],
        [
          0.0,
          0.0,
          0.0,
          1.0
        ]
      ]
    },
    {
      "file_path": "./images/0022.jpg",
      "sharpness": 42.362088328722905,
      "transform_matrix": [
        [
          -0.2915990291626108,
          0.028882407966612154,
          0.9561044988400379,
          2.890272531642899
        ],
        [
          0.9545680016030014,
          -0.05537360008719137,
          0.2928031672114164,
          1.546184696192936
        ],
        [
          0.061399808689649046,
          0.9980478800759608,
          -0.01142333442750786,
          0.10616682433382145
        ],
        [
          0.0,
          0.0,
          0.0,
          1.0
        ]
      ]
    },
    {
      "file_path": "./images/0023.jpg",
      "sharpness": 40.54233229064426,
      "transform_matrix": [
        [
          -0.3032789369778379,
          0.029860087188490793,
          0.9524338620499461,
          2.8314977654368887
        ],
        [
          0.9508692350121688,
          -0.05576525710948402,
          0.3045290363937188,
          1.6231810912873457
        ],
        [
          0.06220598277513759,
          0.9979973002434896,
          -0.011480610365856717,
          0.11150632971607483
        ],
        [
          0.0,
          0.0,
          0.0,
          1.0
        ]
      ]
    },
    {
      "file_path": "./images/0034.jpg",
      "sharpness": 40.616956873219394,
      "transform_matrix": [
        [
          0.4976923394389779,
          -0.02079749207876227,
          0.8671042610826442,
          4.206496796073235
        ],
        [
          0.8661061188607717,
          0.06551591085159787,
          -0.49554803631657846,
          -1.5612728352554872
        ],
        [
          -0.04650296910819089,
          0.9976347677127159,
          0.050619602088581725,
          0.03946299172029805
        ],
        [
          0.0,
          0.0,
          0.0,
          1.0
        ]
      ]
    },
    {
      "file_path": "./images/0035.jpg",
      "sharpness": 39.6354603020562,
      "transform_matrix": [
        [
          0.49290813329758526,
          -0.020522556650421804,
          0.8698392936619427,
          4.208696762185888
        ],
        [
          0.8688712050462947,
          0.06431887656218188,
          -0.4908420429824436,
          -1.5515039522905618
        ],
        [
          -0.04587375252446198,
          0.9977183504311193,
          0.049534755909545765,
          0.03882721783169038
        ],
        [
          0.0,
          0.0,
          0.0,
          1.0
        ]
      ]
    },
    {
      "file_path": "./images/0036.jpg",
      "sharpness": 41.36664882492162,
      "transform_matrix": [
        [
          0.48212259708068167,
          -0.02020948275432528,
          0.8758706401014184,
          4.216737658969091
        ],
        [
          0.8749707376093738,
          0.06193469500998422,
          -0.480198190210385,
          -1.5294574200512328
        ],
        [
          -0.04454222391916599,
          0.9978755785976066,
          0.04754282203986949,
          0.03762318744391934
        ],
        [
          0.0,
          0.0,
          0.0,
          1.0
        ]
      ]
    },
    {
      "file_path": "./images/0037.jpg",
      "sharpness": 39.32715711718639,
      "transform_matrix": [
        [
          0.47071045772353715,
          -0.01980159512250336,
          0.8820655088036202,
          4.219202861058419
        ],
        [
          0.8811836651984687,
          0.06055055403520126,
          -0.4688805589842939,
          -1.5091305935132893
        ],
        [
          -0.04412497226358084,
          0.9979687005298912,
          0.04595062117214704,
          0.036360617456430835
        ],
        [
          0.0,
          0.0,
          0.0,
          1.0
        ]
      ]
    },
    {
      "file_path": "./images/0038.jpg",
      "sharpness": 40.97155740276665,
      "transform_matrix": [
        [
          0.46018882068719263,
          -0.01900986988775648,
          0.8876175269574551,
          4.2217303892491245
        ],
        [
          0.8866957612158309,
          0.06016214420135179,
          -0.45842245085398503,
          -1.493542286939932
        ],
        [
          -0.044686422508100954,
          0.9980075857690821,
          0.044541917240771084,
          0.03511592440329382
        ],
        [
          0.0,
          0.0,
          0.0,
          1.0
        ]
      ]
    },
    {
      "file_path": "./images/0039.jpg",
      "sharpness": 42.22286415130099,
      "transform_matrix": [
        [
          0.45068221582191,
          -0.01793717334774061,
          0.8925042286481526,
          4.2240797201198665
        ],
        [
          0.8915689882263437,
          0.05901010777992703,
          -0.4490239931371771,
          -1.4765778844192938
        ],
        [
          -0.04461254952437186,
          0.9980962203078318,
          0.04258703362343293,
          0.03378855524532989
        ],
        [
          0.0,
          0.0,
          0.0,
          1.0
        ]
      ]
    },
    {
      "file_path": "./images/0040.jpg",
      "sharpness": 40.90356738248264,
      "transform_matrix": [
        [
          0.4283452979789999,
          -0.017122988621952877,
          0.9034528814280364,
          4.226810985876548
        ],
        [
          0.9025432231495849,
          0.056792276229621505,
          -0.4268376362358618,
          -1.4396792669121972
        ],
        [
          -0.04400040961382058,
          0.9982391700499417,
          0.03978094182529396,
          0.03135412605922056
        ],
        [
          0.0,
          0.0,
          0.0,
          1.0
        ]
      ]
    },
    {
      "file_path": "./images/0041.jpg",
      "sharpness": 41.413631181093734,
      "transform_matrix": [
        [
          0.42511504369334774,
          -0.01703106806225572,
          0.9049790839278823,
          4.226990834604814
        ],
        [
          0.9040777910733181,
          0.05639790656325877,
          -0.4236302914373242,
          -1.434386562040681
        ],
        [
          -0.0438240494903659,
          0.9982631010192786,
          0.03937300890619663,
          0.031050801391322474
        ],
        [
          0.0,
          0.0,
          0.0,
          1.0
        ]
      ]
    },
    {
      "file_path": "./images/0042.jpg",
      "sharpness": 44.71158597704428,
      "transform_matrix": [
        [
          0.4102846755427027,
          -0.016894030392703163,
          0.9118010072118791,
          4.229515264800677
        ],
        [
          0.9109421214862217,
          0.0547599760831752,
          -0.40888359752080095,
          -1.410298278131026
        ],
        [
          -0.04302250942394331,
          0.9983566180264175,
          0.03785666290639346,
          0.029741899922369783
        ],
        [
          0.0,
          0.0,
          0.0,
          1.0
        ]
      ]
    },
    {
      "file_path": "./images/0043.jpg",
      "sharpness": 45.81174456769505,
      "transform_matrix": [
        [
          0.3845553426322708,
          -0.014823647873554415,
          0.9229829077059795,
          4.233432349509626
        ],
        [
          0.9220005007308348,
          0.054997771331576156,
          -0.38326273207898787,
          -1.3723520030344398
        ],
        [
          -0.04508065111757137,
          0.9983764343237305,
          0.034817097560500346,
          0.02695405035085761
        ],
        [
          0.0,
          0.0,
          0.0,
          1.0
        ]
      ]
    },
    {
      "file_path": "./images/0044.jpg",
      "sharpness": 45.93652476234376,
      "transform_matrix": [
        [
          0.38020073880805605,
          -0.014615884878103898,
          0.9247885023721508,
          4.233617093128536
        ],
        [
          0.9238069189319921,
          0.05468677480362621,
          -0.378932887454966,
          -1.364940720355213
        ],
        [
          -0.04503526111063925,
          0.9983965808091959,
          0.03429420776007437,
          0.02653579484141754
        ],
        [
          0.0,
          0.0,
          0.0,
          1.0
        ]
      ]
    },
    {
      "file_path": "./images/0045.jpg",
      "sharpness": 48.8118327662302,
      "transform_matrix": [
        [
          0.360534230629743,
          -0.0157727581101702,
          0.9326126144581706,
          4.234528744864215
        ],
        [
          0.9318146036788154,
          0.05076159117050454,
          -0.3593672289354318,
          -1.3349757523883254
        ],
        [
          -0.041672687880860294,
          0.9985862411249828,
          0.03299857756554953,
          0.02558549390369026
        ],
        [
          0.0,
          0.0,
          0.0,
          1.0
        ]
      ]
    },
    {
      "file_path": "./images/0046.jpg",
      "sharpness": 51.21912661496415,
      "transform_matrix": [
        [
          0.3390025116814667,
          -0.016307041785446973,
          0.9406441290214658,
          4.234080036463876
        ],
        [
          0.9399414039244766,
          0.048215085929151205,
          -0.33791339523216496,
          -1.3003276111501452
        ],
        [
          -0.039842869653608386,
          0.9987038529402689,
          0.031672698980588186,
          0.024203530583130406
        ],
        [
          0.0,
          0.0,
          0.0,
          1.0
        ]
      ]
    },
    {
      "file_path": "./images/0047.jpg",
      "sharpness": 50.964225986640336,
      "transform_matrix": [
        [
          0.3322502804071103,
          -0.016333411581449728,
          0.943049824153631,
          4.234217774718882
        ],
        [
          0.9423732440628385,
          0.0473815254470294,
          -0.33119127392006376,
          -1.2889458036021784
        ],
        [
          -0.0392736558518308,
          0.9987433157288761,
          0.031134695174516516,
          0.02370947082632651
        ],
        [
          0.0,
          0.0,
          0.0,
          1.0
        ]
      ]
    },
    {
      "file_path": "./images/0052.jpg",
      "sharpness": 60.74477579179577,
      "transform_matrix": [
        [
          0.23862919361998614,
          -0.015669172227574427,
          0.9709843381819632,
          4.22798457096481
        ],
        [
          0.9705637179476402,
          0.03740442064539901,
          -0.2379222114890412,
          -1.1307799570945487
        ],
        [
          -0.032591062516865325,
          0.9991773548067288,
          0.02413371679079092,
          0.017915015853191843
        ],
        [
          0.0,
          0.0,
          0.0,
          1.0
        ]
      ]
    },
    {
      "file_path": "./images/0053.jpg",
      "sharpness": 58.899225539930555,
      "transform_matrix": [
        [
          0.22945712073800328,
          -0.015599561306403161,
          0.9731937543112165,
          4.226016905785496
        ],
        [
          0.9728036047326657,
          0.0362028928329696,
          -0.22878482722780547,
          -1.1144670617353738
        ],
        [
          -0.03166348625472929,
          0.9992227000215014,
          0.02348232102295695,
          0.017443439704515132
        ],
        [
          0.0,
          0.0,
          0.0,
          1.0
        ]
      ]
    },
    {
      "file_path": "./images/0054.jpg",
      "sharpness": 65.41640264515516,
      "transform_matrix": [
        [
          0.20594524354106108,
          -0.015475937847721055,
          0.9784411336463906,
          4.222098393338157
        ],
        [
          0.9781341353548783,
          0.03287252829201191,
          -0.2053606830365929,
          -1.0704705794721259
        ],
        [
          -0.02898568468081932,
          0.9993397281365889,
          0.021907483930395336,
          0.01636120626403002
        ],
        [
          0.0,
          0.0,
          0.0,
          1.0
        ]
      ]
    },
    {
      "file_path": "./images/0055.jpg",
      "sharpness": 65.70323061166559,
      "transform_matrix": [
        [
          0.19065482527914246,
          -0.014925800751511537,
          0.981543660806993,
          4.219171559524617
        ],
        [
          0.9812714869890454,
          0.03092233114415557,
          -0.1901317392202563,
          -1.0384308542493095
        ],
        [
          -0.027513749655780646,
          0.9994103411058065,
          0.020541754339450748,
          0.015467256420869834
        ],
        [
          0.0,
          0.0,
          0.0,
          1.0
        ]
      ]
    },
    {
      "file_path": "./images/0056.jpg",
      "sharpness": 66.37963217097979,
      "transform_matrix": [
        [
          0.17845353594703867,
          -0.01441009743776153,
          0.9838428149864796,
          4.215522163074892
        ],
        [
          0.9836039895096215,
          0.029063717383415812,
          -0.1779845278461416,
          -1.0119608641655946
        ],
        [
          -0.0260293551357944,
          0.999473686209086,
          0.01936035246384063,
          0.014658470474322382
        ],
        [
          0.0,
          0.0,
          0.0,
          1.0
        ]
      ]
    },
    {
      "file_path": "./images/0057.jpg",
      "sharpness": 71.08475794472628,
      "transform_matrix": [
        [
          0.1659910007837796,
          -0.013622304201329332,
          0.9860331741314452,
          4.211578735177287
        ],
        [
          0.9858169108507916,
          0.02737665051103133,
          -0.1655763790140371,
          -0.983760386776139
        ],
        [
          -0.02473875379699565,
          0.9995323665773564,
          0.017973375462858147,
          0.013813330152673197
        ],
        [
          0.0,
          0.0,
          0.0,
          1.0
        ]
      ]
    },
    {
      "file_path": "./images/0058.jpg",
      "sharpness": 72.27306365276665,
      "transform_matrix": [
        [
          0.14501525082847763,
          -0.012535916838645465,
          0.9893500026870448,
          4.203166431787011
        ],
        [
          0.9891848489457098,
          0.024068089557359448,
          -0.14468607977726572,
          -0.931626991075025
        ],
        [
          -0.021997991804448176,
          0.999631721112711,
          0.015890579048554284,
          0.012510887872966423
        ],
        [
          0.0,
          0.0,
          0.0,
          1.0
        ]
      ]
    },
    {
      "file_path": "./images/0059.jpg",
      "sharpness": 76.09723509437386,
      "transform_matrix": [
        [
          0.13702840116828915,
          -0.01228557841324647,
          0.9904909297096068,
          4.199753323239133
        ],
        [
          0.9903441852614214,
          0.022912171940110075,
          -0.13672390828190645,
          -0.9135888827799454
        ],
        [
          -0.021014566190463116,
          0.9996619913454379,
          0.015306569432378148,
          0.012069503794385587
        ],
        [
          0.0,
          0.0,
          0.0,
          1.0
        ]
      ]
    },
    {
      "file_path": "./images/0060.jpg",
      "sharpness": 70.40029727165687,
      "transform_matrix": [
        [
          0.12443560117412951,
          -0.011489341303710503,
          0.9921611644271948,
          4.192161727638289
        ],
        [
          0.9920418069997715,
          0.020794811384004866,
          -0.12417982518965069,
          -0.8781318942494997
        ],
        [
          -0.01920505988215913,
          0.9997177455945244,
          0.013985521764041406,
          0.011358145947425737
        ],
        [
          0.0,
          0.0,
          0.0,
          1.0
        ]
      ]
    },
    {
      "file_path": "./images/0061.jpg",
      "sharpness": 74.48326456636045,
      "transform_matrix": [
        [
          0.10591453372581311,
          -0.010460069949121851,
          0.9943202192870214,
          4.1797653366618395
        ],
        [
          0.9942488651535394,
          0.017055412149455315,
          -0.10572751324661092,
          -0.8228922261499722
        ],
        [
          -0.015852623964370677,
          0.9997998298928439,
          0.012206328701652216,
          0.01031039916818529
        ],
        [
          0.0,
          0.0,
          0.0,
          1.0
        ]
      ]
    },
    {
      "file_path": "./images/0062.jpg",
      "sharpness": 74.03838771546198,
      "transform_matrix": [
        [
          0.10540232902114022,
          -0.009975845183763054,
          0.9943796214477025,
          4.176879333529201
        ],
        [
          0.9943106665144091,
          0.016525983917452754,
          -0.1052292274571663,
          -0.814008635203697
        ],
        [
          -0.015383351149967804,
          0.9998136698250915,
          0.011660966467977478,
          0.010196681989129285
        ],
        [
          0.0,
          0.0,
          0.0,
          1.0
        ]
      ]
    },
    {
      "file_path": "./images/0063.jpg",
      "sharpness": 74.12916431928141,
      "transform_matrix": [
        [
          0.09005368930101937,
          -0.009235440701866191,
          0.9958940905934753,
          4.165777487553376
        ],
        [
          0.9958568793904111,
          0.013511695358574837,
          -0.08992502354367098,
          -0.7667317596246439
        ],
        [
          -0.012625720338952462,
          0.9998660613923582,
          0.010413955172906827,
          0.009638999358572722
        ],
        [
          0.0,
          0.0,
          0.0,
          1.0
        ]
      ]
    },
    {
      "file_path": "./images/0064.jpg",
      "sharpness": 71.87139629661209,
      "transform_matrix": [
        [
          0.07128832159097588,
          -0.008193023657865598,
          0.9974221020053498,
          4.151235607851948
        ],
        [
          0.9974088683854743,
          0.01028067487956392,
          -0.07120292824055252,
          -0.7101390119023684
        ],
        [
          -0.009670805072824085,
          0.9999135873104487,
          0.008904686512233813,
          0.008923701607402518
        ],
        [
          0.0,
          0.0,
          0.0,
          1.0
        ]
      ]
    },
    {
      "file_path": "./images/0065.jpg",
      "sharpness": 70.20556236300753,
      "transform_matrix": [
        [
          0.06675050461186087,
          -0.007882290445174796,
          0.9977385627668639,
          4.14717278156012
        ],
        [
          0.9977292899205564,
          0.00952674590801911,
          -0.0666746214614446,
          -0.6962094806438194
        ],
        [
          -0.008979653038430895,
          0.9999235523830958,
          0.008500307145481143,
          0.008837643552956348
        ],
        [
          0.0,
          0.0,
          0.0,
          1.0
        ]
      ]
    },
    {
      "file_path": "./images/0066.jpg",
      "sharpness": 67.34090137786868,
      "transform_matrix": [
        [
          0.04747373596260793,
          -0.006557750110125468,
          0.9988509600075143,
          4.1281948291133155
        ],
        [
          0.9988546194819974,
          0.006292688182621835,
          -0.047432596544053594,
          -0.6346455357009336
        ],
        [
          -0.005974406517029453,
          0.9999586981418871,
          0.006848976408184261,
          0.008403250217455636
        ],
        [
          0.0,
          0.0,
          0.0,
          1.0
        ]
      ]
    },
    {
      "file_path": "./images/0067.jpg",
      "sharpness": 69.26121456367079,
      "transform_matrix": [
        [
          0.0324976141518051,
          -0.005981005425334136,
          0.9994539172214144,
          4.11420937309434
        ],
        [
          0.9994674013709065,
          0.0031656111906066264,
          -0.032479108711264616,
          -0.5855537178393815
        ],
        [
          -0.0029696247794396414,
          0.9999771029781532,
          0.00608069476107102,
          0.008594913980520362
        ],
        [
          0.0,
          0.0,
          0.0,
          1.0
        ]
      ]
    },
    {
      "file_path": "./images/0068.jpg",
      "sharpness": 70.31551822127575,
      "transform_matrix": [
        [
          0.024860430558861304,
          -0.005549959479980456,
          0.9996755258296993,
          4.10497473961269
        ],
        [
          0.9996892937072626,
          0.001948255433162869,
          -0.02484995669699712,
          -0.5602505197857974
        ],
        [
          -0.0018097070218500565,
          0.9999827009759846,
          0.005596669541552705,
          0.008666450820300733
        ],
        [
          0.0,
          0.0,
          0.0,
          1.0
        ]
      ]
    },
    {
      "file_path": "./images/0069.jpg",
      "sharpness": 67.39948942954396,
      "transform_matrix": [
        [
          0.0015322638225969477,
          -0.003955359134905121,
          0.9999910036107219,
          4.079675969797074
        ],
        [
          0.9999983238404817,
          -0.0009961720741657096,
          -0.0015362152929627039,
          -0.4889669915394061
        ],
        [
          0.0010022393954061458,
          0.9999916813534003,
          0.003953826106661982,
          0.008557768857182816
        ],
        [
          0.0,
          0.0,
          0.0,
          1.0
        ]
      ]
    },
    {
      "file_path": "./images/0070.jpg",
      "sharpness": 63.26932388738905,
      "transform_matrix": [
        [
          -0.015128123238294282,
          -0.0029576720744484974,
          0.9998811889739072,
          4.058378112278657
        ],
        [
          0.9998795130945863,
          -0.0035235194629311527,
          0.015117675228947327,
          -0.4332826970794399
        ],
        [
          0.0034783877041130624,
          0.9999894184376065,
          0.0030106199503608187,
          0.008945815760256885
        ],
        [
          0.0,
          0.0,
          0.0,
          1.0
        ]
      ]
    },
    {
      "file_path": "./images/0024.jpg",
      "sharpness": 39.91719994339165,
      "transform_matrix": [
        [
          -0.3279675202395896,
          0.0311667377822734,
          0.9441747402491727,
          2.703925612963601
        ],
        [
          0.9425245957439276,
          -0.056821394011900526,
          0.3292699737302065,
          1.7833159781803478
        ],
        [
          0.06391159586260747,
          0.9978977721386296,
          -0.010739845238254482,
          0.12424806332591552
        ],
        [
          0.0,
          0.0,
          0.0,
          1.0
        ]
      ]
    },
    {
      "file_path": "./images/0071.jpg",
      "sharpness": 64.8305939127604,
      "transform_matrix": [
        [
          -0.021735991612836725,
          -0.0028630313480200414,
          0.9997596459753685,
          4.050426387562624
        ],
        [
          0.9997521028911078,
          -0.004888241704146478,
          0.021721829063178967,
          -0.4101109358412406
        ],
        [
          0.004824876518035298,
          0.999983953943877,
          0.0029685723915090956,
          0.009359550417557747
        ],
        [
          0.0,
          0.0,
          0.0,
          1.0
        ]
      ]
    },
    {
      "file_path": "./images/0025.jpg",
