{
  "camera_angle_x": 0.5928837820724264,
  "camera_angle_y": 0.45062688606482587,
  "fl_x": 2619.1557153764948,
  "fl_y": 2617.7410138642513,
  "k1": 0.2841839354249031,
  "k2": -0.04313971139964451,
  "p1": 0.0025166682928740173,
  "p2": 0.0012764430866127306,
  "cx": 795.7648282992957,
  "cy": 598.8163666603201,
  "w": 1600.0,
  "h": 1200.0,
  "aabb_scale": 16,
  "frames": [
    {
      "file_path": "images/0001.jpg",
      "sharpness": 61.627086777135084,
      "transform_matrix": [
        [
          0.7445460568886657,
          -0.6029114163759989,
          0.2866164561313922,
          1.0726009047253284
        ],
        [
          0.6534943301691032,
          0.5705474291969441,
          -0.4974141043351987,
          -1.8288975707361028
        ],
        [
          0.13636835995882898,
          0.5576499390386059,
          0.8187980308724886,
          3.278955397946399
        ],
        [
          0.0,
          0.0,
          0.0,
          1.0
        ]
      ]
    },
    {
      "file_path": "images/0198.jpg",
      "sharpness": 66.12341490400361,
      "transform_matrix": [
        [
          0.8172923416351359,
          0.12677960140703767,
          -0.562103336337653,
          -2.2311735335894394
        ],
        [
          -0.1493740059591301,
          -0.8955347826919147,
          -0.4191716343583639,
          -1.6475785196865103
        ],
        [
          -0.5565255018826301,
          0.42654939370352174,
          -0.7129761426259166,
          -2.905039099702498
        ],
        [
          0.0,
          0.0,
          0.0,
          1.0
        ]
      ]
    },
    {
      "file_path": "images/0002.jpg",
      "sharpness": 63.99573698937068,
      "transform_matrix": [
        [
          0.7094684179398523,
          -0.6191482603319688,
          0.33661550086725306,
          1.265353654485754
        ],
        [
          0.6991835940302088,
          0.5585463091739357,
          -0.4462827826223745,
          -1.628527156036139
        ],
        [
          0.08829986285661363,
          0.551979575443536,
          0.8291692722122328,
          3.31718966409783
        ],
        [
          0.0,
          0.0,
          0.0,
          1.0
        ]
      ]
    },
    {
      "file_path": "images/0199.jpg",
      "sharpness": 80.79830944371719,
      "transform_matrix": [
        [
          0.8704946645370315,
          0.10317333819653304,
          -0.4812424555753953,
          -1.9055633177315123
        ],
        [
          -0.1339963859063138,
          -0.891166778912706,
          -0.4334359704090023,
          -1.702710375596958
        ],
        [
          -0.4735863249727165,
          0.44178844945124995,
          -0.7619310718159377,
          -3.0913195135833256
        ],
        [
          0.0,
          0.0,
          0.0,
          1.0
        ]
      ]
    },
    {
      "file_path": "images/0003.jpg",
      "sharpness": 62.81901241956354,
      "transform_matrix": [
        [
          0.6724234197872075,
          -0.6347215120024191,
          0.3807562822506432,
          1.4358924300775295
        ],
        [
          0.738953147006212,
          0.54623809809396,
          -0.39442640180178545,
          -1.4244786521510995
        ],
        [
          0.04236733467138464,
          0.546582602965418,
          0.8363327487051294,
          3.3417774532515283
        ],
        [
          0.0,
          0.0,
          0.0,
          1.0
        ]
      ]
    },
    {
      "file_path": "images/0200.jpg",
      "sharpness": 89.64356751928713,
      "transform_matrix": [
        [
          0.903785649909238,
          0.08534336674436852,
          -0.419390043421591,
          -1.659535703473126
        ],
        [
          -0.12268257564003912,
          -0.8871338026474448,
          -0.44490740784190747,
          -1.746046599935554
        ],
        [
          -0.4100249800878112,
          0.4535527814705814,
          -0.7913086563361833,
          -3.205557879358333
        ],
        [
          0.0,
          0.0,
          0.0,
          1.0
        ]
      ]
    },
    {
      "file_path": "images/0004.jpg",
      "sharpness": 60.28656897226459,
      "transform_matrix": [
        [
          0.5906453744935257,
          -0.6619340181141399,
          0.4614990758419387,
          1.7458823557260856
        ],
        [
          0.8054153076375119,
          0.5186425915736901,
          -0.28690772758309085,
          -1.0018476732627875
        ],
        [
          -0.0494390917564537,
          0.5411591423470636,
          0.8394656385634696,
          3.350249168716723
        ],
        [
          0.0,
          0.0,
          0.0,
          1.0
        ]
      ]
    },
    {
      "file_path": "images/0201.jpg",
      "sharpness": 109.64424201388884,
      "transform_matrix": [
        [
          0.9334011088737607,
          0.06623903887492973,
          -0.35266805842385435,
          -1.3911236953203403
        ],
        [
          -0.1095507543014517,
          -0.8832899413331894,
          -0.45584812327088586,
          -1.7896120440773757
        ],
        [
          -0.34170309019370015,
          0.46412419555742934,
          -0.8172072740244862,
          -3.3021877427292496
        ],
        [
          0.0,
          0.0,
          0.0,
          1.0
        ]
      ]
    },
    {
      "file_path": "images/0005.jpg",
      "sharpness": 60.00225614944009,
      "transform_matrix": [
        [
          0.5647579659482556,
          -0.6682870172901548,
          0.4841909769602376,
          1.8332711170116058
        ],
        [
          0.8217402604585661,
          0.5094924510296408,
          -0.2552653255013149,
          -0.8779900008112166
        ],
        [
          -0.07610114462103361,
          0.542042345526235,
          0.8368982679585811,
          3.340192975478112
        ],
        [
          0.0,
          0.0,
          0.0,
          1.0
        ]
      ]
    },
    {
      "file_path": "images/0202.jpg",
      "sharpness": 140.03868000583336,
      "transform_matrix": [
        [
          0.9730937115410108,
          0.02892816378923054,
          -0.22858650364668445,
          -0.8931641017723925
        ],
        [
          -0.08397736536875801,
          -0.8793183609778711,
          -0.46877182282098356,
          -1.8389567829411144
        ],
        [
          -0.21456101779860623,
          0.4753550052698204,
          -0.8532298565301393,
          -3.4349466898484597
        ],
        [
          0.0,
          0.0,
          0.0,
          1.0
        ]
      ]
    },
    {
      "file_path": "images/0006.jpg",
      "sharpness": 54.27393506736087,
      "transform_matrix": [
        [
          0.5107819471858335,
          -0.6847521636869173,
          0.5198233127760097,
          1.9719188808898256
        ],
        [
          0.8499746360282787,
          0.492965137425595,
          -0.18581843587102648,
          -0.5988866770205604
        ],
        [
          -0.12901519480404972,
          0.5367493335730317,
          0.8338196638883411,
          3.3216411689693235
        ],
        [
          0.0,
          0.0,
          0.0,
          1.0
        ]
      ]
    },
    {
      "file_path": "images/0007.jpg",
      "sharpness": 57.288533496039236,
      "transform_matrix": [
        [
          0.4054498389092804,
          -0.7059465363075554,
          0.5807322237951806,
          2.1978816318741052
        ],
        [
          0.8865654948359828,
          0.45847792308203245,
          -0.06164103447063519,
          -0.11780161887417744
        ],
        [
          -0.22273762905346492,
          0.5398494988524956,
          0.8117576403463275,
          3.2311370976951004
        ],
        [
          0.0,
          0.0,
          0.0,
          1.0
        ]
      ]
    },
    {
      "file_path": "images/0008.jpg",
      "sharpness": 58.67911601019855,
      "transform_matrix": [
        [
          0.3917391367749156,
          -0.7106592363743303,
          0.5843833486890171,
          2.213511928126492
        ],
        [
          0.8898661336049349,
          0.4540618198938532,
          -0.04434103850475718,
          -0.05293182518487634
        ],
        [
          -0.23383479825756373,
          0.5373930711885572,
          0.8102653723507263,
          3.2263125079852903
        ],
        [
          0.0,
          0.0,
          0.0,
          1.0
        ]
      ]
    },
    {
      "file_path": "images/0009.jpg",
      "sharpness": 58.6309911229489,
      "transform_matrix": [
        [
          0.30996030767154054,
          -0.7222391213015448,
          0.6183002984634797,
          2.3399755848301096
        ],
        [
          0.9030373438056393,
          0.42707415490258,
          0.0461651559587666,
          0.30092505164473643
        ],
        [
          -0.2974023591167119,
          0.5440388932540109,
          0.7845849341448328,
          3.1250127744789395
        ],
        [
          0.0,
          0.0,
          0.0,
          1.0
        ]
      ]
    },
    {
      "file_path": "images/0010.jpg",
      "sharpness": 57.882523648919275,
      "transform_matrix": [
        [
          0.21482916471534352,
          -0.7332872302370759,
          0.6450877984501312,
          2.4389285594823003
        ],
        [
          0.9051048515594733,
          0.39763243135317383,
          0.15057774383241837,
          0.708038457121844
        ],
        [
          -0.36692456644421384,
          0.5515236051267941,
          0.7491248727655194,
          2.9837467323920395
        ],
        [
          0.0,
          0.0,
          0.0,
          1.0
        ]
      ]
    },
    {
      "file_path": "images/0011.jpg",
      "sharpness": 55.14116795189865,
      "transform_matrix": [
        [
          0.18489827433863376,
          -0.7403746952267516,
          0.6462646041404263,
          2.4430941690574213
        ],
        [
          0.9031836315917636,
          0.38723624456943917,
          0.18522261804235932,
          0.8422895623487519
        ],
        [
          -0.38739121768770657,
          0.5494482696922475,
          0.7402936193558053,
          2.946961926151045
        ],
        [
          0.0,
          0.0,
          0.0,
          1.0
        ]
      ]
    },
    {
      "file_path": "images/0012.jpg",
      "sharpness": 48.810393029934616,
      "transform_matrix": [
        [
          0.039415757435658026,
          -0.7455206843466127,
          0.6653159452676775,
          2.508641818656847
        ],
        [
          0.8779543400139261,
          0.34376789956773696,
          0.3331963502133432,
          1.4184857710148842
        ],
        [
          -0.4771190360864382,
          0.5709838351097696,
          0.6680829925357885,
          2.6633143268873116
        ],
        [
          0.0,
          0.0,
          0.0,
          1.0
        ]
      ]
    },
    {
      "file_path": "images/0013.jpg",
      "sharpness": 47.81982512169897,
      "transform_matrix": [
        [
          0.003061938512373965,
          -0.7492149721678548,
          0.6623198243766819,
          2.4931733791603166
        ],
        [
          0.8674724402642333,
          0.33148122944178104,
          0.3709605903971159,
          1.5637904316509974
        ],
        [
          -0.49747581807779306,
          0.5734083357691088,
          0.6509383153315055,
          2.594826257507155
        ],
        [
          0.0,
          0.0,
          0.0,
          1.0
        ]
      ]
    },
    {
      "file_path": "images/0014.jpg",
      "sharpness": 49.76687170225586,
      "transform_matrix": [
        [
          -0.05674407312302313,
          -0.7492755405296916,
          0.6598229113024487,
          2.4821266811281313
        ],
        [
          0.8473766029318747,
          0.3133356717859836,
          0.4286882892126365,
          1.7889028623372167
        ],
        [
          -0.5279517047912833,
          0.5834440167461545,
          0.6171386199221186,
          2.4639435655445046
        ],
        [
          0.0,
          0.0,
          0.0,
          1.0
        ]
      ]
    },
    {
      "file_path": "images/0015.jpg",
      "sharpness": 47.3011345339559,
      "transform_matrix": [
        [
          -0.15357845383303761,
          -0.7477118253949977,
          0.646019105315799,
          2.422853318413117
        ],
        [
          0.8047062492502695,
          0.28477954734480737,
          0.5209111839360375,
          2.14807267917131
        ],
        [
          -0.573464480597415,
          0.5998563453959254,
          0.5579523759691931,
          2.2310516488532057
        ],
        [
          0.0,
          0.0,
          0.0,
          1.0
        ]
      ]
    },
    {
      "file_path": "images/0016.jpg",
      "sharpness": 46.11938571622286,
      "transform_matrix": [
        [
          -0.2132422799444383,
          -0.7468422275892325,
          0.6298844472472256,
          2.3590949335893328
        ],
        [
          0.771986867653512,
          0.26634198440973755,
          0.5771466219507807,
          2.368544512566984
        ],
        [
          -0.5988021424119783,
          0.6093345829410648,
          0.5197570199075244,
          2.0832249191946115
        ],
        [
          0.0,
          0.0,
          0.0,
          1.0
        ]
      ]
    },
    {
      "file_path": "images/0017.jpg",
      "sharpness": 43.8371825556833,
      "transform_matrix": [
        [
          -0.27686661064650686,
          -0.7469000751431263,
          0.6045536844735954,
          2.256439111501291
        ],
        [
          0.7311512866096529,
          0.24448964789248984,
          0.6369007833881584,
          2.5982705462863036
        ],
        [
          -0.6235083604203882,
          0.6183567654422603,
          0.4784059307595917,
          1.9194528383979057
        ],
        [
          0.0,
          0.0,
          0.0,
          1.0
        ]
      ]
    },
    {
      "file_path": "images/0018.jpg",
      "sharpness": 44.00385818798177,
      "transform_matrix": [
        [
          -0.34168366813063583,
          -0.7421568108788195,
          0.5765895756508831,
          2.143224829231949
        ],
        [
          0.6830468238523606,
          0.22529529399095008,
          0.6947582792948411,
          2.817636049478807
        ],
        [
          -0.6455225068514981,
          0.6312252356483065,
          0.4299481300077767,
          1.7284114061091407
        ],
        [
          0.0,
          0.0,
          0.0,
          1.0
        ]
      ]
    },
    {
      "file_path": "images/0019.jpg",
      "sharpness": 42.907379891751035,
      "transform_matrix": [
        [
          -0.42210323215616236,
          -0.7303518614480082,
          0.5370428471109563,
          1.987817005552938
        ],
        [
          0.6136620652914425,
          0.20584558712992268,
          0.7622640379811797,
          3.084375226009328
        ],
        [
          -0.6672688592319099,
          0.6513169368963697,
          0.36130114403301067,
          1.4636205518592427
        ],
        [
          0.0,
          0.0,
          0.0,
          1.0
        ]
      ]
    },
    {
      "file_path": "images/0020.jpg",
      "sharpness": 41.256481535709376,
      "transform_matrix": [
        [
          -0.4728430029076721,
          -0.7248891523970356,
          0.5009543003994019,
          1.8434339947871512
        ],
        [
          0.5637812208742036,
          0.18803539384122248,
          0.8042346830189329,
          3.2442809754051902
        ],
        [
          -0.6771781368739486,
          0.6627053696425295,
          0.3197676710600569,
          1.300260916497967
        ],
        [
          0.0,
          0.0,
          0.0,
          1.0
        ]
      ]
    },
    {
      "file_path": "images/0021.jpg",
      "sharpness": 41.984773882571346,
      "transform_matrix": [
        [
          -0.5268254061727743,
          -0.7136584690893841,
          0.4616780053870659,
          1.6876909839485446
        ],
        [
          0.502407417038714,
          0.17666530269652658,
          0.8463900742834991,
          3.4058066076550473
        ],
        [
          -0.6855959292356468,
          0.6778502488551101,
          0.265475538253267,
          1.0890758611126856
        ],
        [
          0.0,
          0.0,
          0.0,
          1.0
        ]
      ]
    },
    {
      "file_path": "images/0022.jpg",
      "sharpness": 42.362088328722905,
      "transform_matrix": [
        [
          -0.60619675583299,
          -0.6968209732523631,
          0.3833614798117819,
          1.377122006478356
        ],
        [
          0.39797173171793726,
          0.1515638568753009,
          0.90479107962032,
          3.622724620849998
        ],
        [
          -0.6885811451487843,
          0.7010484491671125,
          0.18543753108327832,
          0.7750640134139107
        ],
        [
          0.0,
          0.0,
          0.0,
          1.0
        ]
      ]
    },
    {
      "file_path": "images/0023.jpg",
      "sharpness": 40.54233229064426,
      "transform_matrix": [
        [
          -0.6283472177628107,
          -0.690737537416598,
          0.3578567144594051,
          1.276226032376624
        ],
        [
          0.3644818149990903,
          0.1449962472452575,
          0.9198527569876364,
          3.679785922061385
        ],
        [
          -0.6872647087956397,
          0.7084191854004077,
          0.16065328278299731,
          0.6783784602124361
        ],
        [
          0.0,
          0.0,
          0.0,
          1.0
        ]
      ]
    },
    {
      "file_path": "images/0024.jpg",
      "sharpness": 39.91719994339165,
      "transform_matrix": [
        [
          -0.6726314752389216,
          -0.6739989089285495,
          0.30543799539567357,
          1.0698932580237677
        ],
        [
          0.28898938394374774,
          0.14072136477577693,
          0.9469332781043498,
          3.7834707457517287
        ],
        [
          -0.6812136478369235,
          0.7252054659265665,
          0.1001249102832539,
          0.4450355521294351
        ],
        [
          0.0,
          0.0,
          0.0,
          1.0
        ]
      ]
    },
    {
      "file_path": "images/0025.jpg",
      "sharpness": 39.93179630562905,
      "transform_matrix": [
        [
          -0.7287478521908308,
          -0.6524466512293617,
          0.20794214334072253,
          0.6850665431828735
        ],
        [
          0.1735190902705137,
          0.1178112097014338,
          0.9777584793282912,
          3.8906153839713364
        ],
        [
          -0.6624331610037363,
          0.7486213233132487,
          0.027357283337438167,
          0.1601027997841122
        ],
        [
          0.0,
          0.0,
          0.0,
          1.0
        ]
      ]
    },
    {
      "file_path": "images/0026.jpg",
      "sharpness": 41.56711215239145,
      "transform_matrix": [
        [
          -0.7362371489634851,
          -0.6485694322643069,
          0.19316457172257281,
          0.6278543812263473
        ],
        [
          0.15388194302323882,
          0.11751340702455806,
          0.9810764223539714,
          3.904542267358164
        ],
        [
          -0.6589956051935717,
          0.7520294477291054,
          0.013285388669563926,
          0.10619261630372906
        ],
        [
          0.0,
          0.0,
          0.0,
          1.0
        ]
      ]
    },
    {
      "file_path": "images/0027.jpg",
      "sharpness": 42.26438118065724,
      "transform_matrix": [
        [
          -0.7693217746101149,
          -0.628266065424344,
          0.11586957278444172,
          0.3262511075216917
        ],
        [
          0.061832022805737866,
          0.10729368424633705,
          0.992302809627481,
          3.9401332792442303
        ],
        [
          -0.6358622552702712,
          0.7705646085201154,
          -0.04369640588346024,
          -0.11534521452848934
        ],
        [
          0.0,
          0.0,
          0.0,
          1.0
        ]
      ]
    },
    {
      "file_path": "images/0038.jpg",
      "sharpness": 40.97155740276665,
      "transform_matrix": [
        [
          -0.6394629489288542,
          -0.40888965279953937,
          -0.651073258958604,
          -2.6761068378858095
        ],
        [
          -0.7536233422209172,
          0.1658159522080272,
          0.6360478973875433,
          2.544381096751486
        ],
        [
          -0.15211507153526516,
          0.8973930695704834,
          -0.4141819445207304,
          -1.5452665122474303
        ],
        [
          0.0,
          0.0,
          0.0,
          1.0
        ]
      ]
    },
    {
      "file_path": "images/0039.jpg",
      "sharpness": 42.22286415130099,
      "transform_matrix": [
        [
          -0.5948991745545285,
          -0.38707243564647964,
          -0.7044642655432096,
          -2.8767112861574278
        ],
        [
          -0.7978769546814157,
          0.17816185563784287,
          0.5758912380840544,
          2.302351476923466
        ],
        [
          -0.09740296341293322,
          0.904673025042886,
          -0.41482451705078754,
          -1.5423094652736853
        ],
        [
          0.0,
          0.0,
          0.0,
          1.0
        ]
      ]
    },
    {
      "file_path": "images/0040.jpg",
      "sharpness": 40.90356738248264,
      "transform_matrix": [
        [
          -0.5034540881651125,
          -0.36873981147531815,
          -0.7813865447352372,
          -3.1712496011112594
        ],
        [
          -0.8639875774348776,
          0.2067810652908932,
          0.4590937342127084,
          1.8368364318493569
        ],
        [
          -0.007710194878771135,
          0.9062408851663836,
          -0.42269138909619125,
          -1.5655027735094451
        ],
        [
          0.0,
          0.0,
          0.0,
          1.0
        ]
      ]
    },
    {
      "file_path": "images/0041.jpg",
      "sharpness": 41.413631181093734,
      "transform_matrix": [
        [
          -0.49099715218599327,
          -0.36241459872584514,
          -0.7921978634949229,
          -3.207015655153705
        ],
        [
          -0.8711415234840695,
          0.21036500771348904,
          0.44368796389980303,
          1.772980062769626
        ],
        [
          0.005851714268484661,
          0.9079659804397974,
          -0.419003025373808,
          -1.5478472070333775
        ],
        [
          0.0,
          0.0,
          0.0,
          1.0
        ]
      ]
    },
    {
      "file_path": "images/0042.jpg",
      "sharpness": 44.71158597704428,
      "transform_matrix": [
        [
          -0.4284002179645929,
          -0.3468075120166957,
          -0.8343846850266189,
          -3.366105697332413
        ],
        [
          -0.9011545607649708,
          0.23172094921044706,
          0.3663684743908741,
          1.4679779999962375
        ],
        [
          0.06628507213617664,
          0.9088618986285875,
          -0.4117964763101158,
          -1.515639253976647
        ],
        [
          0.0,
          0.0,
          0.0,
          1.0
        ]
      ]
    },
    {
      "file_path": "images/0043.jpg",
      "sharpness": 45.81174456769505,
      "transform_matrix": [
        [
          -0.33771779276089664,
          -0.33496017071169537,
          -0.8796296813090104,
          -3.549962204877609
        ],
        [
          -0.929735847414913,
          0.26442492468060325,
          0.2562629761735501,
          1.039495632889273
        ],
        [
          0.14675812198077876,
          0.9043678138428125,
          -0.40072548008098186,
          -1.4723100606266448
        ],
        [
          0.0,
          0.0,
          0.0,
          1.0
        ]
      ]
    },
    {
      "file_path": "images/0044.jpg",
      "sharpness": 45.93652476234376,
      "transform_matrix": [
        [
          -0.32384290888290235,
          -0.32931049336074797,
          -0.886950037532584,
          -3.571632234797166
        ],
        [
          -0.9325201343218433,
          0.2694278428210723,
          0.24044715909145073,
          0.9747120357713143
        ],
        [
          0.15978726271487761,
          0.9049658755694548,
          -0.39434096185557904,
          -1.4435461619178112
        ],
        [
          0.0,
          0.0,
          0.0,
          1.0
        ]
      ]
    },
    {
      "file_path": "images/0045.jpg",
      "sharpness": 48.8118327662302,
      "transform_matrix": [
        [
          -0.24878177760701609,
          -0.31176743875526164,
          -0.9170107365854387,
          -3.6843851888119135
        ],
        [
          -0.942393947421979,
          0.2964973889049781,
          0.15486428236667427,
          0.6400078491774546
        ],
        [
          0.2236096483272836,
          0.9027127793341045,
          -0.36757089475383037,
          -1.3361640838998092
        ],
        [
          0.0,
          0.0,
          0.0,
          1.0
        ]
      ]
    },
    {
      "file_path": "images/0046.jpg",
      "sharpness": 51.21912661496415,
      "transform_matrix": [
        [
          -0.16037876553302802,
          -0.2948392492533964,
          -0.9419917560234201,
          -3.7705520343345755
        ],
        [
          -0.9430040341353169,
          0.32769052725889664,
          0.05798542633540937,
          0.2607833680189378
        ],
        [
          0.2915853956364787,
          0.8976016571468759,
          -0.3305892037060302,
          -1.1868746968258248
        ],
        [
          0.0,
          0.0,
          0.0,
          1.0
        ]
      ]
    },
    {
      "file_path": "images/0047.jpg",
      "sharpness": 50.964225986640336,
      "transform_matrix": [
        [
          -0.12853299690171274,
          -0.29155758171301044,
          -0.9478783914634917,
          -3.793696651131015
        ],
        [
          -0.9411254156625233,
          0.3372121181857724,
          0.023894331141544007,
          0.12790051224922513
        ],
        [
          0.3126695067636487,
          0.8951436551541877,
          -0.31773513442120915,
          -1.1365026923156227
        ],
        [
          0.0,
          0.0,
          0.0,
          1.0
        ]
      ]
    },
    {
      "file_path": "images/0048.jpg",
      "sharpness": 49.87224597195938,
      "transform_matrix": [
        [
          -0.03998524779403372,
          -0.2836463531741483,
          -0.9580949462554054,
          -3.82973622575908
        ],
        [
          -0.9277711328467515,
          0.3665629352068875,
          -0.06980214399831988,
          -0.23822358858786438
        ],
        [
          0.3710012192951264,
          0.8861017776377972,
          -0.27781600820858493,
          -0.9761103837243073
        ],
        [
          0.0,
          0.0,
          0.0,
          1.0
        ]
      ]
    },
    {
      "file_path": "images/0049.jpg",
      "sharpness": 52.785917973398455,
      "transform_matrix": [
        [
          0.04615312896840122,
          -0.2807095694051045,
          -0.958682442772954,
          -3.8280282514887265
        ],
        [
          -0.9056762782544023,
          0.39314084832825247,
          -0.15871594784705978,
          -0.5833399333079079
        ],
        [
          0.42145031420703205,
          0.8755811844087757,
          -0.23608731781357067,
          -0.8133004389422668
        ],
        [
          0.0,
          0.0,
          0.0,
          1.0
        ]
      ]
    },
    {
      "file_path": "images/0050.jpg",
      "sharpness": 53.80136442911347,
      "transform_matrix": [
        [
          0.08236278917047726,
          -0.27796985222340587,
          -0.9570523141214636,
          -3.817837016084937
        ],
        [
          -0.8932196897896858,
          0.40532888109520626,
          -0.1945946649837049,
          -0.7223395213480068
        ],
        [
          0.44201239390141456,
          0.8708853304978276,
          -0.21490412799552552,
          -0.7281170116783942
        ],
        [
          0.0,
          0.0,
          0.0,
          1.0
        ]
      ]
    },
    {
      "file_path": "images/0051.jpg",
      "sharpness": 59.2308556933461,
      "transform_matrix": [
        [
          0.20191345449648537,
          -0.27773394632577153,
          -0.939199026672143,
          -3.7474936378332195
        ],
        [
          -0.841432709045862,
          0.441561773044425,
          -0.3114710202436175,
          -1.1769212855123499
        ],
        [
          0.5012204630773239,
          0.8531629710189117,
          -0.14453716388189922,
          -0.45162228153374484
        ],
        [
          0.0,
          0.0,
          0.0,
          1.0
        ]
      ]
    },
    {
      "file_path": "images/0052.jpg",
      "sharpness": 60.74477579179577,
      "transform_matrix": [
        [
          0.26147308133741903,
          -0.28221236445373865,
          -0.9230319652296105,
          -3.682599480440091
        ],
        [
          -0.8086150896018954,
          0.45812981675076403,
          -0.3691323713656449,
          -1.401471704088751
        ],
        [
          0.5270421844052535,
          0.8428957538319192,
          -0.10841256153115354,
          -0.30802408885152704
        ],
        [
          0.0,
          0.0,
          0.0,
          1.0
        ]
      ]
    },
    {
      "file_path": "images/0053.jpg",
      "sharpness": 58.899225539930555,
      "transform_matrix": [
        [
          0.2991929719555926,
          -0.28339386675563016,
          -0.9111374657909551,
          -3.632970712899916
        ],
        [
          -0.7855357071508288,
          0.4689154332305176,
          -0.4037969402896443,
          -1.5351890415073297
        ],
        [
          0.5416799957966961,
          0.8365442201335456,
          -0.08231979946000881,
          -0.20503798901614162
        ],
        [
          0.0,
          0.0,
          0.0,
          1.0
        ]
      ]
    },
    {
      "file_path": "images/0054.jpg",
      "sharpness": 65.41640264515516,
      "transform_matrix": [
        [
          0.39902906515238623,
          -0.29238359612304937,
          -0.8690728609455352,
          -3.4648425804864837
        ],
        [
          -0.7128548058328973,
          0.4972183756120049,
          -0.4945825638583472,
          -1.8865241676539934
        ],
        [
          0.5767268248084783,
          0.8168755836410371,
          -0.010022468045974432,
          0.07868505847069074
        ],
        [
          0.0,
          0.0,
          0.0,
          1.0
        ]
      ]
    },
    {
      "file_path": "images/0055.jpg",
      "sharpness": 65.70323061166559,
      "transform_matrix": [
        [
          0.46571207440082624,
          -0.295576786866453,
          -0.8341142766871181,
          -3.321185995583555
        ],
        [
          -0.6554761839198466,
          0.5180296466649231,
          -0.5495418611972022,
          -2.0964355344051713
        ],
        [
          0.5945277416116754,
          0.8026703231841753,
          0.047509117038935844,
          0.30416368421593193
        ],
        [
          0.0,
          0.0,
          0.0,
          1.0
        ]
      ]
    },
    {
      "file_path": "images/0056.jpg",
      "sharpness": 66.37963217097979,
      "transform_matrix": [
        [
          0.5172846839396427,
          -0.3040353110613315,
          -0.7999869281054505,
          -3.1872468223783272
        ],
        [
          -0.6044338574658399,
          0.5319727146724723,
          -0.5930132734694565,
          -2.26462278069877
        ],
        [
          0.605868192909533,
          0.7902958686156856,
          0.09141210170323638,
          0.47640468200644276
        ],
        [
          0.0,
          0.0,
          0.0,
          1.0
        ]
      ]
    },
    {
      "file_path": "images/0057.jpg",
      "sharpness": 71.08475794472628,
      "transform_matrix": [
        [
          0.5665472486272969,
          -0.31501968758739024,
          -0.7614373324545329,
          -3.0366715044342385
        ],
        [
          -0.5494517786287996,
          0.5442237645372706,
          -0.633974160981759,
          -2.423192817646184
        ],
        [
          0.6141066336585744,
          0.7775494132365263,
          0.13524034878820007,
          0.6494090609729753
        ],
        [
          0.0,
          0.0,
          0.0,
          1.0
        ]
      ]
    },
    {
      "file_path": "images/0058.jpg",
      "sharpness": 72.27306365276665,
      "transform_matrix": [
        [
          0.6502016824439628,
          -0.33207859233047926,
          -0.6833458717319797,
          -2.725159961190007
        ],
        [
          -0.4411051849784916,
          0.5673123053208623,
          -0.6954012969031724,
          -2.6553555992304574
        ],
        [
          0.6185984056041589,
          0.7535785003747801,
          0.22238582649345442,
          0.9895203554703141
        ],
        [
          0.0,
          0.0,
          0.0,
          1.0
        ]
      ]
    },
    {
      "file_path": "images/0059.jpg",
      "sharpness": 76.09723509437386,
      "transform_matrix": [
        [
          0.6756044182395271,
          -0.33679517410403903,
          -0.6558412006772311,
          -2.614188868005536
        ],
        [
          -0.4025262910881365,
          0.5767739025234198,
          -0.7108476982228534,
          -2.711429960708226
        ],
        [
          0.6176821630346729,
          0.7442451716661536,
          0.25410208458159483,
          1.1111088554423998
        ],
        [
          0.0,
          0.0,
          0.0,
          1.0
        ]
      ]
    },
    {
      "file_path": "images/0060.jpg",
      "sharpness": 70.40029727165687,
      "transform_matrix": [
        [
          0.7182198824766615,
          -0.3497166440708611,
          -0.6015467305416239,
          -2.3989079663520516
        ],
        [
          -0.331992971200355,
          0.5875374409691281,
          -0.7379569243871918,
          -2.812520541290093
        ],
        [
          0.6115070457513143,
          0.7297246218945805,
          0.3058776040601833,
          1.3138219316492679
        ],
        [
          0.0,
          0.0,
          0.0,
          1.0
        ]
      ]
    },
    {
      "file_path": "images/0061.jpg",
      "sharpness": 74.48326456636045,
      "transform_matrix": [
        [
          0.7783739021404501,
          -0.3744991669458116,
          -0.5038694693805466,
          -2.015303599261205
        ],
        [
          -0.20755803329630834,
          0.6039527241984775,
          -0.7695198304562405,
          -2.928748021163688
        ],
        [
          0.5924978741269668,
          0.7035563093093624,
          0.39237072808034545,
          1.64818720704619
        ],
        [
          0.0,
          0.0,
          0.0,
          1.0
        ]
      ]
    },
    {
      "file_path": "images/0062.jpg",
      "sharpness": 74.03838771546198,
      "transform_matrix": [
        [
          0.7863479496951575,
          -0.3798730621878327,
          -0.4871892428867378,
          -1.949828411300658
        ],
        [
          -0.1885787295414551,
          0.6033739400804007,
          -0.7748405971000607,
          -2.9476719573714654
        ],
        [
          0.5882983633732073,
          0.7011678433400488,
          0.40282588122730817,
          1.6910458083103577
        ],
        [
          0.0,
          0.0,
          0.0,
          1.0
        ]
      ]
    },
    {
      "file_path": "images/0063.jpg",
      "sharpness": 74.12916431928141,
      "transform_matrix": [
        [
          0.8192868186979791,
          -0.39907246939943597,
          -0.4117162525641569,
          -1.653387731699063
        ],
        [
          -0.09583621853212201,
          0.6126382365470641,
          -0.784531586397872,
          -2.9809858922708363
        ],
        [
          0.5653180764343267,
          0.6822137163419563,
          0.4636808354458661,
          1.9267707598417498
        ],
        [
          0.0,
          0.0,
          0.0,
          1.0
        ]
      ]
    },
    {
      "file_path": "images/0064.jpg",
      "sharpness": 71.87139629661209,
      "transform_matrix": [
        [
          0.8491956139502291,
          -0.42415998113108905,
          -0.314571326418762,
          -1.2736727484872803
        ],
        [
          0.01910869986865502,
          0.6199819534371601,
          -0.7843833467887799,
          -2.9751361776495107
        ],
        [
          0.5277325710218922,
          0.6600838486848126,
          0.5345911013628598,
          2.199787501050621
        ],
        [
          0.0,
          0.0,
          0.0,
          1.0
        ]
      ]
    },
    {
      "file_path": "images/0065.jpg",
      "sharpness": 70.20556236300753,
      "transform_matrix": [
        [
          0.8543121722615938,
          -0.42927881910895893,
          -0.2930365293617616,
          -1.1888781641515547
        ],
        [
          0.044727566722265126,
          0.6224194057420918,
          -0.7814048424784438,
          -2.960509363560087
        ],
        [
          0.5178321704912412,
          0.6544568574743986,
          0.5509410716014478,
          2.2620745313294264
        ],
        [
          0.0,
          0.0,
          0.0,
          1.0
        ]
      ]
    },
    {
      "file_path": "images/0066.jpg",
      "sharpness": 67.34090137786868,
      "transform_matrix": [
        [
          0.8669378920451144,
          -0.45760452671223745,
          -0.19752667723407594,
          -0.8160862482370991
        ],
        [
          0.1505147873935602,
          0.6181720662956067,
          -0.7714976311990116,
          -2.9171663124118186
        ],
        [
          0.4751462825987304,
          0.6391098442810266,
          0.604793036123909,
          2.47344264987783
        ],
        [
          0.0,
          0.0,
          0.0,
          1.0
        ]
      ]
    },
    {
      "file_path": "images/0067.jpg",
      "sharpness": 69.26121456367079,
      "transform_matrix": [
        [
          0.8695070617964301,
          -0.4803703556761614,
          -0.11489904535716948,
          -0.494708011538854
        ],
        [
          0.24350936972137027,
          0.6193084181088135,
          -0.7464316913391704,
          -2.8159061674601538
        ],
        [
          0.42972160307891755,
          0.6210486326515506,
          0.6554677255191219,
          2.666566242679339
        ],
        [
          0.0,
          0.0,
          0.0,
          1.0
        ]
      ]
    },
    {
      "file_path": "images/0068.jpg",
      "sharpness": 70.31551822127575,
      "transform_matrix": [
        [
          0.8677021103734708,
          -0.4907365501473983,
          -0.07918766162191308,
          -0.3548112866111743
        ],
        [
          0.28285817111093337,
          0.6184448893595788,
          -0.7331556271207298,
          -2.7586517017844776
        ],
        [
          0.40875946780478734,
          0.6137618077439171,
          0.6754347787189761,
